32000000;0;198;
33000000;0;198;
34000000;0;198;
35000000;0;197;
36000000;0;196;
37000000;0;195;
38000000;0;193;
39000000;0;194;
40000000;0;193;
41000000;0;192;
42000000;0;192;
43000000;0;190;
44000000;0;190;
45000000;0;188;
46000000;0;187;
47000000;0;186;
48000000;0;186;
49000000;0;186;
50000000;0;186;
51000000;0;185;
52000000;0;186;
53000000;0;185;
54000000;0;184;
55000000;0;184;
56000000;0;184;
57000000;0;182;
58000000;0;182;
59000000;0;183;
60000000;0;182;
61000000;0;181;
62000000;0;181;
63000000;0;181;
64000000;0;181;
65000000;0;181;
66000000;0;180;
67000000;0;180;
68000000;0;179;
69000000;0;183;
70000000;0;183;
71000000;0;182;
72000000;0;182;
73000000;0;180;
74000000;0;180;
75000000;0;180;
76000000;0;180;
77000000;0;181;
78000000;0;181;
79000000;0;181;
80000000;0;182;
81000000;0;182;
82000000;0;181;
83000000;0;180;
84000000;0;179;
85000000;0;179;
86000000;0;179;
87000000;0;179;
88000000;0;179;
89000000;0;177;
90000000;0;177;
91000000;0;177;
92000000;0;177;
93000000;0;177;
94000000;0;176;
95000000;0;176;
96000000;0;176;
97000000;0;176;
98000000;0;176;
99000000;0;176;
100000000;0;176;
101000000;0;176;
102000000;0;176;
103000000;0;176;
104000000;0;176;
105000000;0;176;
106000000;0;176;
107000000;0;175;
108000000;0;175;
109000000;0;175;
110000000;0;176;
111000000;0;176;
112000000;0;175;
113000000;0;176;
114000000;0;174;
115000000;0;175;
116000000;0;175;
117000000;0;174;
118000000;0;174;
119000000;0;174;
120000000;0;174;
121000000;0;174;
122000000;0;175;
123000000;0;174;
124000000;0;174;
125000000;0;173;
126000000;0;174;
127000000;0;173;
128000000;0;174;
129000000;0;174;
130000000;0;174;
131000000;0;173;
132000000;0;174;
133000000;0;174;
134000000;0;174;
135000000;0;175;
136000000;0;175;
137000000;0;174;
138000000;0;176;
139000000;0;176;
140000000;0;177;
141000000;0;176;
142000000;0;177;
143000000;0;177;
144000000;0;177;
145000000;0;177;
146000000;0;176;
147000000;0;176;
148000000;0;175;
149000000;0;175;
150000000;0;175;
151000000;0;176;
152000000;0;174;
153000000;0;174;
154000000;0;174;
155000000;0;175;
156000000;0;175;
157000000;0;175;
158000000;0;176;
159000000;0;176;
160000000;0;176;
161000000;0;176;
162000000;0;177;
163000000;0;177;
164000000;0;176;
165000000;0;176;
166000000;0;176;
167000000;0;177;
168000000;0;176;
169000000;0;175;
170000000;0;175;
171000000;0;175;
172000000;0;175;
173000000;0;174;
174000000;0;174;
175000000;0;173;
176000000;0;173;
177000000;0;173;
178000000;0;171;
179000000;0;170;
180000000;0;171;
181000000;0;171;
182000000;0;171;
183000000;0;171;
184000000;0;172;
185000000;0;171;
186000000;0;170;
187000000;0;171;
188000000;0;171;
189000000;0;171;
190000000;0;172;
191000000;0;171;
192000000;0;171;
193000000;0;171;
194000000;0;171;
195000000;0;172;
196000000;0;171;
197000000;0;172;
198000000;0;171;
199000000;0;171;
200000000;0;171;
201000000;0;171;
202000000;0;171;
203000000;0;171;
204000000;0;170;
205000000;0;170;
206000000;0;170;
207000000;0;171;
208000000;0;171;
209000000;0;170;
210000000;0;170;
211000000;0;170;
212000000;0;170;
213000000;0;170;
214000000;0;170;
215000000;0;170;
216000000;0;170;
217000000;0;170;
218000000;0;170;
219000000;0;170;
220000000;0;170;
221000000;0;169;
222000000;0;170;
223000000;0;170;
224000000;0;171;
225000000;0;170;
226000000;0;171;
227000000;0;171;
228000000;0;170;
229000000;0;170;
230000000;0;169;
231000000;0;170;
232000000;0;170;
233000000;0;169;
234000000;0;170;
235000000;0;171;
236000000;0;170;
237000000;0;170;
238000000;0;170;
239000000;0;170;
240000000;0;170;
241000000;0;170;
242000000;0;170;
243000000;0;170;
244000000;0;170;
245000000;0;169;
246000000;0;169;
247000000;0;169;
248000000;0;169;
249000000;0;168;
250000000;0;169;
251000000;0;168;
252000000;0;168;
253000000;0;168;
254000000;0;168;
255000000;0;168;
256000000;0;168;
257000000;0;168;
258000000;0;168;
259000000;0;168;
260000000;0;168;
261000000;0;167;
262000000;0;168;
263000000;0;168;
264000000;0;168;
265000000;0;168;
266000000;0;168;
267000000;0;168;
268000000;0;168;
269000000;0;169;
270000000;0;168;
271000000;0;168;
272000000;0;168;
273000000;0;168;
274000000;0;168;
275000000;0;168;
276000000;0;167;
277000000;0;167;
278000000;0;167;
279000000;0;167;
280000000;0;168;
281000000;0;168;
282000000;0;168;
283000000;0;168;
284000000;0;168;
285000000;0;168;
286000000;0;169;
287000000;0;169;
288000000;0;168;
289000000;0;168;
290000000;0;169;
291000000;0;170;
292000000;0;171;
293000000;0;170;
294000000;0;170;
295000000;0;171;
296000000;0;171;
297000000;0;172;
298000000;0;172;
299000000;0;172;
300000000;0;173;
301000000;0;172;
302000000;0;174;
303000000;0;174;
304000000;0;174;
305000000;0;174;
306000000;0;175;
307000000;0;175;
308000000;0;176;
309000000;0;175;
310000000;0;175;
311000000;0;175;
312000000;0;175;
313000000;0;174;
314000000;0;174;
315000000;0;174;
316000000;0;173;
317000000;0;172;
318000000;0;172;
319000000;0;170;
320000000;0;171;
321000000;0;169;
322000000;0;168;
323000000;0;168;
324000000;0;168;
325000000;0;167;
326000000;0;167;
327000000;0;167;
328000000;0;167;
329000000;0;167;
330000000;0;167;
331000000;0;167;
332000000;0;167;
333000000;0;167;
334000000;0;168;
335000000;0;168;
336000000;0;169;
337000000;0;168;
338000000;0;169;
339000000;0;168;
340000000;0;169;
341000000;0;169;
342000000;0;168;
343000000;0;169;
344000000;0;168;
345000000;0;169;
346000000;0;169;
347000000;0;170;
348000000;0;170;
349000000;0;170;
350000000;0;170;
351000000;0;170;
352000000;0;170;
353000000;0;170;
354000000;0;171;
355000000;0;171;
356000000;0;166;
357000000;0;166;
358000000;0;166;
359000000;0;166;
360000000;0;167;
361000000;0;166;
362000000;0;166;
363000000;0;167;
364000000;0;167;
365000000;0;166;
366000000;0;167;
367000000;0;166;
368000000;0;166;
369000000;0;166;
370000000;0;166;
371000000;0;166;
372000000;0;165;
373000000;0;165;
374000000;0;164;
375000000;0;164;
376000000;0;165;
377000000;0;165;
378000000;0;165;
379000000;0;164;
380000000;0;164;
381000000;0;165;
382000000;0;165;
383000000;0;165;
384000000;0;165;
385000000;0;165;
386000000;0;165;
387000000;0;165;
388000000;0;166;
389000000;0;167;
390000000;0;167;
391000000;0;167;
392000000;0;168;
393000000;0;169;
394000000;0;170;
395000000;0;170;
396000000;0;171;
397000000;0;172;
398000000;0;173;
399000000;0;174;
400000000;0;175;
401000000;0;175;
402000000;0;176;
403000000;0;177;
404000000;0;178;
405000000;0;179;
406000000;0;179;
407000000;0;179;
408000000;0;180;
409000000;0;180;
410000000;0;180;
411000000;0;179;
412000000;0;179;
413000000;0;178;
414000000;0;178;
415000000;0;178;
416000000;0;178;
417000000;0;178;
418000000;0;177;
419000000;0;177;
420000000;0;177;
421000000;0;176;
422000000;0;176;
423000000;0;177;
424000000;0;176;
425000000;0;175;
426000000;0;175;
427000000;0;176;
428000000;0;176;
429000000;0;175;
430000000;0;175;
431000000;0;175;
432000000;0;175;
433000000;0;176;
434000000;0;175;
435000000;0;175;
436000000;0;175;
437000000;0;175;
438000000;0;175;
439000000;0;174;
440000000;0;174;
441000000;0;173;
442000000;0;173;
443000000;0;172;
444000000;0;172;
445000000;0;171;
446000000;0;170;
447000000;0;169;
448000000;0;168;
449000000;0;167;
450000000;0;166;
451000000;0;166;
452000000;0;164;
453000000;0;163;
454000000;0;162;
455000000;0;159;
456000000;0;159;
457000000;0;158;
458000000;0;158;
459000000;0;158;
460000000;0;157;
461000000;0;157;
462000000;0;158;
463000000;0;158;
464000000;0;157;
465000000;0;157;
466000000;0;158;
467000000;0;158;
468000000;0;158;
469000000;0;158;
470000000;0;158;
471000000;0;159;
472000000;0;159;
473000000;0;159;
474000000;0;159;
475000000;0;159;
476000000;0;160;
477000000;0;159;
478000000;0;159;
479000000;0;159;
480000000;0;160;
481000000;0;159;
482000000;0;159;
483000000;0;159;
484000000;0;160;
485000000;0;160;
486000000;0;160;
487000000;0;160;
488000000;0;159;
489000000;0;159;
490000000;0;160;
491000000;0;160;
492000000;0;160;
493000000;0;160;
494000000;0;159;
495000000;0;159;
496000000;0;159;
497000000;0;158;
498000000;0;158;
499000000;0;159;
500000000;0;158;
501000000;0;158;
502000000;0;158;
503000000;0;157;
504000000;0;156;
505000000;0;157;
506000000;0;156;
507000000;0;156;
508000000;0;156;
509000000;0;155;
510000000;0;155;
511000000;0;154;
512000000;0;154;
513000000;0;154;
514000000;0;153;
515000000;0;152;
516000000;0;152;
517000000;0;151;
518000000;0;151;
519000000;0;151;
520000000;0;150;
521000000;0;149;
522000000;0;149;
523000000;0;149;
524000000;0;147;
525000000;0;148;
526000000;0;147;
527000000;0;147;
528000000;0;146;
529000000;0;146;
530000000;0;146;
531000000;0;146;
532000000;0;145;
533000000;0;145;
534000000;0;145;
535000000;0;145;
536000000;0;145;
537000000;0;145;
538000000;0;145;
539000000;0;145;
540000000;0;146;
541000000;0;146;
542000000;0;147;
543000000;0;147;
544000000;0;147;
545000000;0;147;
546000000;0;148;
547000000;0;148;
548000000;0;148;
549000000;0;148;
550000000;0;142;
551000000;0;143;
552000000;0;143;
553000000;0;143;
554000000;0;143;
555000000;0;142;
556000000;0;142;
557000000;0;142;
558000000;0;143;
559000000;0;143;
560000000;0;143;
561000000;0;143;
562000000;0;144;
563000000;0;144;
564000000;0;144;
565000000;0;144;
566000000;0;143;
567000000;0;144;
568000000;0;144;
569000000;0;144;
570000000;0;145;
571000000;0;144;
572000000;0;145;
573000000;0;144;
574000000;0;145;
575000000;0;145;
576000000;0;146;
577000000;0;146;
578000000;0;146;
579000000;0;146;
580000000;0;147;
581000000;0;146;
582000000;0;147;
583000000;0;147;
584000000;0;148;
585000000;0;148;
586000000;0;148;
587000000;0;149;
588000000;0;148;
589000000;0;149;
590000000;0;149;
591000000;0;149;
592000000;0;149;
593000000;0;150;
594000000;0;150;
595000000;0;151;
596000000;0;150;
597000000;0;151;
598000000;0;151;
599000000;0;152;
600000000;0;152;
601000000;0;152;
602000000;0;152;
603000000;0;152;
604000000;0;152;
605000000;0;152;
606000000;0;152;
607000000;0;153;
608000000;0;153;
609000000;0;154;
610000000;0;153;
611000000;0;154;
612000000;0;154;
613000000;0;154;
614000000;0;154;
615000000;0;155;
616000000;0;155;
617000000;0;154;
618000000;0;155;
619000000;0;155;
620000000;0;155;
621000000;0;155;
622000000;0;155;
623000000;0;155;
624000000;0;154;
625000000;0;155;
626000000;0;155;
627000000;0;155;
628000000;0;154;
629000000;0;154;
630000000;0;153;
631000000;0;154;
632000000;0;153;
633000000;0;153;
634000000;0;153;
635000000;0;152;
636000000;0;152;
637000000;0;152;
638000000;0;152;
639000000;0;152;
640000000;0;152;
641000000;0;151;
642000000;0;151;
643000000;0;152;
644000000;0;152;
645000000;0;151;
646000000;0;152;
647000000;0;151;
648000000;0;152;
649000000;0;152;
650000000;0;152;
651000000;0;152;
652000000;0;152;
653000000;0;151;
654000000;0;152;
655000000;0;153;
656000000;0;152;
657000000;0;152;
658000000;0;152;
659000000;0;152;
660000000;0;153;
661000000;0;153;
662000000;0;153;
663000000;0;153;
664000000;0;153;
665000000;0;154;
666000000;0;154;
667000000;0;154;
668000000;0;154;
669000000;0;154;
670000000;0;155;
671000000;0;156;
672000000;0;155;
673000000;0;156;
674000000;0;155;
675000000;0;156;
676000000;0;157;
677000000;0;158;
678000000;0;157;
679000000;0;158;
680000000;0;159;
681000000;0;158;
682000000;0;160;
683000000;0;160;
684000000;0;162;
685000000;0;161;
686000000;0;161;
687000000;0;162;
688000000;0;163;
689000000;0;163;
690000000;0;163;
691000000;0;164;
692000000;0;164;
693000000;0;165;
694000000;0;166;
695000000;0;166;
696000000;0;167;
697000000;0;167;
698000000;0;168;
699000000;0;168;
700000000;0;169;
701000000;0;169;
702000000;0;170;
703000000;0;170;
704000000;0;171;
705000000;0;171;
706000000;0;173;
707000000;0;172;
708000000;0;172;
709000000;0;173;
710000000;0;174;
711000000;0;171;
712000000;0;173;
713000000;0;173;
714000000;0;174;
715000000;0;173;
716000000;0;175;
717000000;0;175;
718000000;0;176;
719000000;0;177;
720000000;0;177;
721000000;0;178;
722000000;0;178;
723000000;0;180;
724000000;0;181;
725000000;0;181;
726000000;0;181;
727000000;0;182;
728000000;0;183;
729000000;0;184;
730000000;0;184;
731000000;0;185;
732000000;0;185;
733000000;0;186;
734000000;0;186;
735000000;0;186;
736000000;0;185;
737000000;0;185;
738000000;0;185;
739000000;0;185;
740000000;0;184;
741000000;0;184;
742000000;0;184;
743000000;0;182;
744000000;0;182;
745000000;0;181;
746000000;0;180;
747000000;0;180;
748000000;0;178;
749000000;0;178;
750000000;0;177;
751000000;0;175;
752000000;0;175;
753000000;0;174;
754000000;0;172;
755000000;0;171;
756000000;0;171;
757000000;0;171;
758000000;0;169;
759000000;0;169;
760000000;0;167;
761000000;0;166;
762000000;0;166;
763000000;0;164;
764000000;0;164;
765000000;0;163;
766000000;0;163;
767000000;0;162;
768000000;0;162;
769000000;0;161;
770000000;0;160;
771000000;0;160;
772000000;0;159;
773000000;0;159;
774000000;0;159;
775000000;0;158;
776000000;0;157;
777000000;0;157;
778000000;0;157;
779000000;0;156;
780000000;0;156;
781000000;0;156;
782000000;0;156;
783000000;0;156;
784000000;0;156;
785000000;0;155;
786000000;0;156;
787000000;0;156;
788000000;0;155;
789000000;0;155;
790000000;0;155;
791000000;0;155;
792000000;0;155;
793000000;0;155;
794000000;0;156;
795000000;0;156;
796000000;0;156;
797000000;0;156;
798000000;0;156;
799000000;0;156;
800000000;0;156;
801000000;0;157;
802000000;0;156;
803000000;0;157;
804000000;0;157;
805000000;0;157;
806000000;0;157;
807000000;0;157;
808000000;0;158;
809000000;0;158;
810000000;0;158;
811000000;0;158;
812000000;0;159;
813000000;0;159;
814000000;0;159;
815000000;0;160;
816000000;0;159;
817000000;0;159;
818000000;0;160;
819000000;0;160;
820000000;0;160;
821000000;0;161;
822000000;0;161;
823000000;0;161;
824000000;0;161;
825000000;0;161;
826000000;0;163;
827000000;0;162;
828000000;0;162;
829000000;0;163;
830000000;0;163;
831000000;0;163;
832000000;0;164;
833000000;0;163;
834000000;0;164;
835000000;0;164;
836000000;0;164;
837000000;0;164;
838000000;0;165;
839000000;0;164;
840000000;0;165;
841000000;0;165;
842000000;0;165;
843000000;0;165;
844000000;0;166;
845000000;0;166;
846000000;0;166;
847000000;0;166;
848000000;0;166;
849000000;0;167;
850000000;0;166;
851000000;0;166;
852000000;0;166;
853000000;0;167;
854000000;0;167;
855000000;0;167;
856000000;0;167;
857000000;0;167;
858000000;0;166;
859000000;0;167;
860000000;0;167;
861000000;0;166;
862000000;0;166;
863000000;0;166;
864000000;0;166;
865000000;0;166;
866000000;0;166;
867000000;0;166;
868000000;0;165;
869000000;0;165;
870000000;0;165;
871000000;0;165;
872000000;0;165;
873000000;0;165;
874000000;0;164;
875000000;0;163;
876000000;0;163;
877000000;0;164;
878000000;0;164;
879000000;0;163;
880000000;0;163;
881000000;0;162;
882000000;0;162;
883000000;0;162;
884000000;0;162;
885000000;0;160;
886000000;0;160;
887000000;0;160;
888000000;0;160;
889000000;0;159;
890000000;0;160;
891000000;0;158;
892000000;0;158;
893000000;0;157;
894000000;0;158;
895000000;0;158;
896000000;0;157;
897000000;0;157;
898000000;0;157;
899000000;0;156;
900000000;0;155;
901000000;0;155;
902000000;0;156;
903000000;0;154;
904000000;0;154;
905000000;0;154;
906000000;0;154;
907000000;0;153;
908000000;0;153;
909000000;0;153;
910000000;0;153;
911000000;0;153;
912000000;0;153;
913000000;0;152;
914000000;0;152;
915000000;0;152;
916000000;0;152;
917000000;0;152;
918000000;0;152;
919000000;0;152;
920000000;0;151;
921000000;0;151;
922000000;0;151;
923000000;0;151;
924000000;0;152;
925000000;0;151;
926000000;0;152;
927000000;0;151;
928000000;0;152;
929000000;0;152;
930000000;0;152;
931000000;0;152;
932000000;0;152;
933000000;0;152;
934000000;0;153;
935000000;0;153;
936000000;0;152;
937000000;0;152;
938000000;0;152;
939000000;0;152;
940000000;0;153;
941000000;0;152;
942000000;0;152;
943000000;0;152;
944000000;0;152;
945000000;0;152;
946000000;0;152;
947000000;0;152;
948000000;0;151;
949000000;0;152;
950000000;0;152;
951000000;0;152;
952000000;0;152;
953000000;0;153;
954000000;0;151;
955000000;0;151;
956000000;0;151;
957000000;0;152;
958000000;0;152;
959000000;0;152;
960000000;0;151;
961000000;0;151;
962000000;0;151;
963000000;0;152;
964000000;0;151;
965000000;0;151;
966000000;0;151;
967000000;0;151;
968000000;0;151;
969000000;0;151;
970000000;0;151;
971000000;0;151;
972000000;0;150;
973000000;0;150;
974000000;0;151;
975000000;0;150;
976000000;0;150;
977000000;0;150;
978000000;0;151;
979000000;0;151;
980000000;0;151;
981000000;0;150;
982000000;0;150;
983000000;0;150;
984000000;0;149;
985000000;0;150;
986000000;0;150;
987000000;0;150;
988000000;0;150;
989000000;0;149;
990000000;0;150;
991000000;0;149;
992000000;0;150;
993000000;0;149;
994000000;0;149;
995000000;0;150;
996000000;0;150;
997000000;0;149;
998000000;0;149;
999000000;0;149;
1000000000;0;149;
1001000000;0;149;
1002000000;0;149;
1003000000;0;150;
1004000000;0;149;
1005000000;0;150;
1006000000;0;150;
1007000000;0;150;
1008000000;0;149;
1009000000;0;149;
1010000000;0;150;
1011000000;0;149;
1012000000;0;150;
1013000000;0;150;
1014000000;0;150;
1015000000;0;150;
1016000000;0;150;
1017000000;0;149;
1018000000;0;150;
1019000000;0;150;
1020000000;0;150;
1021000000;0;150;
1022000000;0;151;
1023000000;0;151;
1024000000;0;151;
1025000000;0;152;
1026000000;0;151;
1027000000;0;151;
1028000000;0;152;
1029000000;0;152;
1030000000;0;152;
1031000000;0;152;
1032000000;0;152;
1033000000;0;152;
1034000000;0;152;
1035000000;0;153;
1036000000;0;153;
1037000000;0;153;
1038000000;0;153;
1039000000;0;154;
1040000000;0;153;
1041000000;0;153;
1042000000;0;152;
1043000000;0;153;
1044000000;0;154;
1045000000;0;153;
1046000000;0;153;
1047000000;0;153;
1048000000;0;153;
1049000000;0;154;
1050000000;0;154;
1051000000;0;153;
1052000000;0;154;
1053000000;0;153;
1054000000;0;154;
1055000000;0;154;
1056000000;0;154;
1057000000;0;154;
1058000000;0;153;
1059000000;0;153;
1060000000;0;153;
1061000000;0;154;
1062000000;0;153;
1063000000;0;153;
1064000000;0;153;
1065000000;0;153;
1066000000;0;153;
1067000000;0;153;
1068000000;0;153;
1069000000;0;152;
1070000000;0;152;
1071000000;0;152;
1072000000;0;152;
1073000000;0;151;
1074000000;0;150;
1075000000;0;149;
1076000000;0;149;
1077000000;0;149;
1078000000;0;149;
1079000000;0;148;
1080000000;0;146;
1081000000;0;145;
1082000000;0;145;
1083000000;0;146;
1084000000;0;145;
1085000000;0;145;
1086000000;0;144;
1087000000;0;145;
1088000000;0;145;
1089000000;0;145;
1090000000;0;144;
1091000000;0;144;
1092000000;0;145;
1093000000;0;145;
1094000000;0;145;
1095000000;0;145;
1096000000;0;145;
1097000000;0;145;
1098000000;0;144;
1099000000;0;144;
1100000000;0;147;
1101000000;0;147;
1102000000;0;147;
1103000000;0;146;
1104000000;0;146;
1105000000;0;146;
1106000000;0;146;
1107000000;0;146;
1108000000;0;145;
1109000000;0;145;
1110000000;0;145;
1111000000;0;145;
1112000000;0;144;
1113000000;0;144;
1114000000;0;144;
1115000000;0;145;
1116000000;0;145;
1117000000;0;144;
1118000000;0;144;
1119000000;0;144;
1120000000;0;143;
1121000000;0;143;
1122000000;0;144;
1123000000;0;144;
1124000000;0;143;
1125000000;0;143;
1126000000;0;143;
1127000000;0;142;
1128000000;0;142;
1129000000;0;143;
1130000000;0;142;
1131000000;0;142;
1132000000;0;142;
1133000000;0;143;
1134000000;0;143;
1135000000;0;143;
1136000000;0;142;
1137000000;0;142;
1138000000;0;143;
1139000000;0;143;
1140000000;0;143;
1141000000;0;143;
1142000000;0;143;
1143000000;0;143;
1144000000;0;142;
1145000000;0;143;
1146000000;0;142;
1147000000;0;143;
1148000000;0;143;
1149000000;0;143;
1150000000;0;143;
1151000000;0;143;
1152000000;0;143;
1153000000;0;142;
1154000000;0;143;
1155000000;0;143;
1156000000;0;143;
1157000000;0;143;
1158000000;0;144;
1159000000;0;143;
1160000000;0;143;
1161000000;0;143;
1162000000;0;144;
1163000000;0;144;
1164000000;0;144;
1165000000;0;144;
1166000000;0;144;
1167000000;0;144;
1168000000;0;144;
1169000000;0;144;
1170000000;0;144;
1171000000;0;144;
1172000000;0;144;
1173000000;0;144;
1174000000;0;144;
1175000000;0;144;
1176000000;0;144;
1177000000;0;143;
1178000000;0;144;
1179000000;0;145;
1180000000;0;143;
1181000000;0;144;
1182000000;0;144;
1183000000;0;144;
1184000000;0;144;
1185000000;0;144;
1186000000;0;144;
1187000000;0;144;
1188000000;0;144;
1189000000;0;144;
1190000000;0;144;
1191000000;0;144;
1192000000;0;144;
1193000000;0;143;
1194000000;0;144;
1195000000;0;143;
1196000000;0;144;
1197000000;0;143;
1198000000;0;144;
1199000000;0;143;
1200000000;0;143;
1201000000;0;144;
1202000000;0;143;
1203000000;0;143;
1204000000;0;143;
1205000000;0;143;
1206000000;0;143;
1207000000;0;142;
1208000000;0;143;
1209000000;0;143;
1210000000;0;142;
1211000000;0;142;
1212000000;0;142;
1213000000;0;142;
1214000000;0;142;
1215000000;0;141;
1216000000;0;142;
1217000000;0;141;
1218000000;0;141;
1219000000;0;141;
1220000000;0;140;
1221000000;0;141;
1222000000;0;140;
1223000000;0;140;
1224000000;0;139;
1225000000;0;140;
1226000000;0;139;
1227000000;0;139;
1228000000;0;139;
1229000000;0;138;
1230000000;0;138;
1231000000;0;139;
1232000000;0;138;
1233000000;0;137;
1234000000;0;137;
1235000000;0;138;
1236000000;0;137;
1237000000;0;137;
1238000000;0;138;
1239000000;0;136;
1240000000;0;136;
1241000000;0;136;
1242000000;0;136;
1243000000;0;136;
1244000000;0;136;
1245000000;0;135;
1246000000;0;135;
1247000000;0;135;
1248000000;0;135;
1249000000;0;135;
1250000000;0;134;
1251000000;0;134;
1252000000;0;134;
1253000000;0;134;
1254000000;0;134;
1255000000;0;134;
1256000000;0;134;
1257000000;0;133;
1258000000;0;133;
1259000000;0;134;
1260000000;0;133;
1261000000;0;134;
1262000000;0;133;
1263000000;0;133;
1264000000;0;132;
1265000000;0;133;
1266000000;0;132;
1267000000;0;132;
1268000000;0;133;
1269000000;0;132;
1270000000;0;133;
1271000000;0;132;
1272000000;0;132;
1273000000;0;132;
1274000000;0;132;
1275000000;0;132;
1276000000;0;132;
1277000000;0;132;
1278000000;0;132;
1279000000;0;132;
1280000000;0;132;
1281000000;0;133;
1282000000;0;133;
1283000000;0;132;
1284000000;0;132;
1285000000;0;133;
1286000000;0;132;
1287000000;0;132;
1288000000;0;133;
1289000000;0;132;
1290000000;0;133;
1291000000;0;133;
1292000000;0;132;
1293000000;0;133;
1294000000;0;133;
1295000000;0;133;
1296000000;0;134;
1297000000;0;133;
1298000000;0;133;
1299000000;0;134;
1300000000;0;133;
1301000000;0;134;
1302000000;0;134;
1303000000;0;134;
1304000000;0;134;
1305000000;0;134;
1306000000;0;135;
1307000000;0;134;
1308000000;0;135;
1309000000;0;135;
1310000000;0;135;
1311000000;0;135;
1312000000;0;136;
1313000000;0;137;
1314000000;0;136;
1315000000;0;136;
1316000000;0;136;
1317000000;0;136;
1318000000;0;137;
1319000000;0;137;
1320000000;0;137;
1321000000;0;137;
1322000000;0;138;
1323000000;0;137;
1324000000;0;138;
1325000000;0;138;
1326000000;0;138;
1327000000;0;138;
1328000000;0;139;
1329000000;0;139;
1330000000;0;139;
1331000000;0;140;
1332000000;0;140;
1333000000;0;140;
1334000000;0;140;
1335000000;0;140;
1336000000;0;140;
1337000000;0;141;
1338000000;0;141;
1339000000;0;141;
1340000000;0;142;
1341000000;0;142;
1342000000;0;142;
1343000000;0;143;
1344000000;0;143;
1345000000;0;144;
1346000000;0;143;
1347000000;0;144;
1348000000;0;144;
1349000000;0;144;
1350000000;0;145;
1351000000;0;145;
1352000000;0;146;
1353000000;0;146;
1354000000;0;147;
1355000000;0;147;
1356000000;0;147;
1357000000;0;148;
1358000000;0;148;
1359000000;0;149;
1360000000;0;149;
1361000000;0;150;
1362000000;0;150;
1363000000;0;150;
1364000000;0;150;
1365000000;0;151;
1366000000;0;151;
1367000000;0;152;
1368000000;0;152;
1369000000;0;153;
1370000000;0;153;
1371000000;0;154;
1372000000;0;154;
1373000000;0;154;
1374000000;0;154;
1375000000;0;154;
1376000000;0;154;
1377000000;0;155;
1378000000;0;155;
1379000000;0;156;
1380000000;0;156;
1381000000;0;156;
1382000000;0;157;
1383000000;0;157;
1384000000;0;157;
1385000000;0;157;
1386000000;0;158;
1387000000;0;158;
1388000000;0;159;
1389000000;0;158;
1390000000;0;158;
1391000000;0;159;
1392000000;0;159;
1393000000;0;159;
1394000000;0;158;
1395000000;0;159;
1396000000;0;159;
1397000000;0;160;
1398000000;0;159;
1399000000;0;160;
1400000000;0;160;
1401000000;0;160;
1402000000;0;160;
1403000000;0;160;
1404000000;0;160;
1405000000;0;161;
1406000000;0;160;
1407000000;0;161;
1408000000;0;160;
1409000000;0;161;
1410000000;0;161;
1411000000;0;161;
1412000000;0;161;
1413000000;0;161;
1414000000;0;161;
1415000000;0;161;
1416000000;0;160;
1417000000;0;161;
1418000000;0;161;
1419000000;0;161;
1420000000;0;161;
1421000000;0;161;
1422000000;0;169;
1423000000;0;169;
1424000000;0;168;
1425000000;0;169;
1426000000;0;168;
1427000000;0;168;
1428000000;0;168;
1429000000;0;168;
1430000000;0;168;
1431000000;0;169;
1432000000;0;168;
1433000000;0;167;
1434000000;0;168;
1435000000;0;168;
1436000000;0;167;
1437000000;0;167;
1438000000;0;169;
1439000000;0;168;
1440000000;0;167;
1441000000;0;168;
1442000000;0;168;
1443000000;0;167;
1444000000;0;168;
1445000000;0;168;
1446000000;0;168;
1447000000;0;167;
1448000000;0;167;
1449000000;0;168;
1450000000;0;167;
1451000000;0;166;
1452000000;0;166;
1453000000;0;166;
1454000000;0;166;
1455000000;0;166;
1456000000;0;166;
1457000000;0;165;
1458000000;0;165;
1459000000;0;165;
1460000000;0;165;
1461000000;0;164;
1462000000;0;165;
1463000000;0;164;
1464000000;0;164;
1465000000;0;164;
1466000000;0;164;
1467000000;0;163;
1468000000;0;163;
1469000000;0;163;
1470000000;0;162;
1471000000;0;162;
1472000000;0;162;
1473000000;0;161;
1474000000;0;161;
1475000000;0;161;
1476000000;0;160;
1477000000;0;160;
1478000000;0;159;
1479000000;0;159;
1480000000;0;158;
1481000000;0;158;
1482000000;0;158;
1483000000;0;157;
1484000000;0;157;
1485000000;0;156;
1486000000;0;155;
1487000000;0;155;
1488000000;0;156;
1489000000;0;155;
1490000000;0;154;
1491000000;0;155;
1492000000;0;154;
1493000000;0;154;
1494000000;0;153;
1495000000;0;153;
1496000000;0;153;
1497000000;0;152;
1498000000;0;152;
1499000000;0;152;
1500000000;0;151;
1501000000;0;151;
1502000000;0;150;
1503000000;0;151;
1504000000;0;150;
1505000000;0;149;
1506000000;0;149;
1507000000;0;149;
1508000000;0;149;
1509000000;0;148;
1510000000;0;147;
1511000000;0;148;
1512000000;0;147;
1513000000;0;147;
1514000000;0;147;
1515000000;0;146;
1516000000;0;146;
1517000000;0;145;
1518000000;0;145;
1519000000;0;145;
1520000000;0;145;
1521000000;0;145;
1522000000;0;144;
1523000000;0;144;
1524000000;0;144;
1525000000;0;144;
1526000000;0;144;
1527000000;0;144;
1528000000;0;144;
1529000000;0;143;
1530000000;0;143;
1531000000;0;143;
1532000000;0;142;
1533000000;0;143;
1534000000;0;143;
1535000000;0;142;
1536000000;0;142;
1537000000;0;142;
1538000000;0;142;
1539000000;0;141;
1540000000;0;141;
1541000000;0;141;
1542000000;0;142;
1543000000;0;140;
1544000000;0;141;
1545000000;0;141;
1546000000;0;141;
1547000000;0;140;
1548000000;0;139;
1549000000;0;140;
1550000000;0;139;
1551000000;0;139;
1552000000;0;140;
1553000000;0;139;
1554000000;0;140;
1555000000;0;139;
1556000000;0;139;
1557000000;0;139;
1558000000;0;138;
1559000000;0;138;
1560000000;0;138;
1561000000;0;138;
1562000000;0;138;
1563000000;0;137;
1564000000;0;138;
1565000000;0;137;
1566000000;0;136;
1567000000;0;136;
1568000000;0;136;
1569000000;0;136;
1570000000;0;136;
1571000000;0;136;
1572000000;0;136;
1573000000;0;135;
1574000000;0;136;
1575000000;0;136;
1576000000;0;135;
1577000000;0;136;
1578000000;0;135;
1579000000;0;135;
1580000000;0;135;
1581000000;0;135;
1582000000;0;136;
1583000000;0;135;
1584000000;0;135;
1585000000;0;136;
1586000000;0;136;
1587000000;0;135;
1588000000;0;136;
1589000000;0;135;
1590000000;0;135;
1591000000;0;136;
1592000000;0;136;
1593000000;0;136;
1594000000;0;135;
1595000000;0;136;
1596000000;0;136;
1597000000;0;136;
1598000000;0;136;
1599000000;0;136;
1600000000;0;136;
1601000000;0;135;
1602000000;0;136;
1603000000;0;137;
1604000000;0;136;
1605000000;0;136;
1606000000;0;137;
1607000000;0;137;
1608000000;0;137;
1609000000;0;136;
1610000000;0;137;
1611000000;0;138;
1612000000;0;137;
1613000000;0;138;
1614000000;0;138;
1615000000;0;138;
1616000000;0;137;
1617000000;0;139;
1618000000;0;138;
1619000000;0;138;
1620000000;0;139;
1621000000;0;139;
1622000000;0;139;
1623000000;0;139;
1624000000;0;139;
1625000000;0;139;
1626000000;0;140;
1627000000;0;139;
1628000000;0;140;
1629000000;0;139;
1630000000;0;139;
1631000000;0;139;
1632000000;0;140;
1633000000;0;140;
1634000000;0;140;
1635000000;0;140;
1636000000;0;140;
1637000000;0;140;
1638000000;0;141;
1639000000;0;141;
1640000000;0;141;
1641000000;0;141;
1642000000;0;141;
1643000000;0;142;
1644000000;0;141;
1645000000;0;142;
1646000000;0;142;
1647000000;0;142;
1648000000;0;143;
1649000000;0;142;
1650000000;0;143;
1651000000;0;143;
1652000000;0;143;
1653000000;0;144;
1654000000;0;144;
1655000000;0;144;
1656000000;0;144;
1657000000;0;144;
1658000000;0;145;
1659000000;0;144;
1660000000;0;145;
1661000000;0;145;
1662000000;0;146;
1663000000;0;145;
1664000000;0;146;
1665000000;0;146;
1666000000;0;147;
1667000000;0;147;
1668000000;0;148;
1669000000;0;148;
1670000000;0;148;
1671000000;0;149;
1672000000;0;150;
1673000000;0;151;
1674000000;0;150;
1675000000;0;151;
1676000000;0;151;
1677000000;0;152;
1678000000;0;152;
1679000000;0;154;
1680000000;0;153;
1681000000;0;154;
1682000000;0;155;
1683000000;0;155;
1684000000;0;155;
1685000000;0;156;
1686000000;0;156;
1687000000;0;156;
1688000000;0;156;
1689000000;0;158;
1690000000;0;158;
1691000000;0;159;
1692000000;0;160;
1693000000;0;160;
1694000000;0;160;
1695000000;0;161;
1696000000;0;162;
1697000000;0;162;
1698000000;0;162;
1699000000;0;162;
1700000000;0;163;
1701000000;0;163;
1702000000;0;164;
1703000000;0;165;
1704000000;0;165;
1705000000;0;165;
1706000000;0;167;
1707000000;0;167;
1708000000;0;167;
1709000000;0;167;
1710000000;0;168;
1711000000;0;169;
1712000000;0;169;
1713000000;0;169;
1714000000;0;169;
1715000000;0;170;
1716000000;0;170;
1717000000;0;171;
1718000000;0;171;
1719000000;0;171;
1720000000;0;171;
1721000000;0;171;
1722000000;0;172;
1723000000;0;172;
1724000000;0;172;
1725000000;0;172;
1726000000;0;173;
1727000000;0;173;
1728000000;0;173;
1729000000;0;174;
1730000000;0;174;
1731000000;0;174;
1732000000;0;174;
1733000000;0;175;
1734000000;0;174;
1735000000;0;175;
1736000000;0;175;
1737000000;0;175;
1738000000;0;175;
1739000000;0;176;
1740000000;0;176;
1741000000;0;175;
1742000000;0;176;
1743000000;0;177;
1744000000;0;176;
1745000000;0;177;
1746000000;0;177;
1747000000;0;177;
1748000000;0;177;
1749000000;0;177;
1750000000;0;178;
1751000000;0;178;
1752000000;0;178;
1753000000;0;177;
1754000000;0;178;
1755000000;0;178;
1756000000;0;179;
1757000000;0;178;
1758000000;0;179;
1759000000;0;179;
1760000000;0;179;
1761000000;0;179;
1762000000;0;179;
1763000000;0;180;
1764000000;0;179;
1765000000;0;180;
1766000000;0;180;
1767000000;0;180;
1768000000;0;180;
1769000000;0;180;
1770000000;0;180;
1771000000;0;180;
1772000000;0;180;
1773000000;0;180;
1774000000;0;180;
1775000000;0;180;
1776000000;0;181;
1777000000;0;180;
1778000000;0;181;
1779000000;0;181;
1780000000;0;180;
1781000000;0;181;
1782000000;0;181;
1783000000;0;182;
1784000000;0;182;
1785000000;0;181;
1786000000;0;182;
1787000000;0;181;
1788000000;0;182;
1789000000;0;182;
1790000000;0;182;
1791000000;0;182;
1792000000;0;183;
1793000000;0;182;
1794000000;0;182;
1795000000;0;182;
1796000000;0;183;
1797000000;0;182;
1798000000;0;182;
1799000000;0;182;
1800000000;0;183;
1801000000;0;182;
1802000000;0;183;
1803000000;0;182;
1804000000;0;183;
1805000000;0;183;
1806000000;0;183;
1807000000;0;183;
1808000000;0;183;
1809000000;0;184;
1810000000;0;183;
1811000000;0;183;
1812000000;0;183;
1813000000;0;183;
1814000000;0;183;
1815000000;0;183;
1816000000;0;183;
1817000000;0;183;
1818000000;0;183;
1819000000;0;178;
1820000000;0;178;
1821000000;0;179;
1822000000;0;179;
1823000000;0;180;
1824000000;0;179;
1825000000;0;179;
1826000000;0;180;
1827000000;0;180;
1828000000;0;180;
1829000000;0;180;
1830000000;0;180;
1831000000;0;180;
1832000000;0;180;
1833000000;0;181;
1834000000;0;180;
1835000000;0;180;
1836000000;0;180;
1837000000;0;181;
1838000000;0;180;
1839000000;0;180;
1840000000;0;181;
1841000000;0;181;
1842000000;0;181;
1843000000;0;181;
1844000000;0;181;
1845000000;0;180;
1846000000;0;181;
1847000000;0;181;
1848000000;0;180;
1849000000;0;181;
1850000000;0;180;
1851000000;0;180;
1852000000;0;180;
1853000000;0;181;
1854000000;0;180;
1855000000;0;180;
1856000000;0;179;
1857000000;0;179;
1858000000;0;179;
1859000000;0;179;
1860000000;0;179;
1861000000;0;179;
1862000000;0;179;
1863000000;0;178;
1864000000;0;178;
1865000000;0;178;
1866000000;0;178;
1867000000;0;177;
1868000000;0;177;
1869000000;0;177;
1870000000;0;176;
1871000000;0;176;
1872000000;0;175;
1873000000;0;176;
1874000000;0;175;
1875000000;0;174;
1876000000;0;174;
1877000000;0;174;
1878000000;0;173;
1879000000;0;173;
1880000000;0;173;
1881000000;0;172;
1882000000;0;172;
1883000000;0;172;
1884000000;0;171;
1885000000;0;170;
1886000000;0;170;
1887000000;0;170;
1888000000;0;169;
1889000000;0;169;
1890000000;0;168;
1891000000;0;168;
1892000000;0;168;
1893000000;0;167;
1894000000;0;167;
1895000000;0;166;
1896000000;0;166;
1897000000;0;165;
1898000000;0;164;
1899000000;0;165;
1900000000;0;164;
1901000000;0;163;
1902000000;0;163;
1903000000;0;163;
1904000000;0;162;
1905000000;0;161;
1906000000;0;161;
1907000000;0;161;
1908000000;0;160;
1909000000;0;159;
1910000000;0;159;
1911000000;0;159;
1912000000;0;158;
1913000000;0;158;
1914000000;0;157;
1915000000;0;157;
1916000000;0;157;
1917000000;0;157;
1918000000;0;155;
1919000000;0;155;
1920000000;0;156;
1921000000;0;154;
1922000000;0;154;
1923000000;0;153;
1924000000;0;153;
1925000000;0;152;
1926000000;0;152;
1927000000;0;152;
1928000000;0;152;
1929000000;0;151;
1930000000;0;150;
1931000000;0;150;
1932000000;0;150;
1933000000;0;149;
1934000000;0;149;
1935000000;0;148;
1936000000;0;148;
1937000000;0;148;
1938000000;0;147;
1939000000;0;147;
1940000000;0;146;
1941000000;0;146;
1942000000;0;145;
1943000000;0;146;
1944000000;0;145;
1945000000;0;145;
1946000000;0;144;
1947000000;0;143;
1948000000;0;143;
1949000000;0;143;
1950000000;0;143;
1951000000;0;142;
1952000000;0;141;
1953000000;0;142;
1954000000;0;141;
1955000000;0;141;
1956000000;0;141;
1957000000;0;140;
1958000000;0;140;
1959000000;0;139;
1960000000;0;139;
1961000000;0;139;
1962000000;0;139;
1963000000;0;138;
1964000000;0;138;
1965000000;0;138;
1966000000;0;138;
1967000000;0;137;
1968000000;0;137;
1969000000;0;137;
1970000000;0;137;
1971000000;0;136;
1972000000;0;136;
1973000000;0;135;
1974000000;0;135;
1975000000;0;135;
1976000000;0;135;
1977000000;0;135;
1978000000;0;134;
1979000000;0;134;
1980000000;0;134;
1981000000;0;134;
1982000000;0;133;
1983000000;0;133;
1984000000;0;133;
1985000000;0;132;
1986000000;0;132;
1987000000;0;133;
1988000000;0;132;
1989000000;0;132;
1990000000;0;131;
1991000000;0;131;
1992000000;0;132;
1993000000;0;131;
1994000000;0;131;
1995000000;0;131;
1996000000;0;130;
1997000000;0;130;
1998000000;0;131;
1999000000;0;130;
2000000000;0;131;
2001000000;0;131;
2002000000;0;130;
2003000000;0;130;
2004000000;0;130;
2005000000;0;129;
2006000000;0;130;
2007000000;0;130;
2008000000;0;129;
2009000000;0;130;
2010000000;0;129;
2011000000;0;129;
2012000000;0;129;
2013000000;0;129;
2014000000;0;129;
2015000000;0;129;
2016000000;0;128;
2017000000;0;129;
2018000000;0;129;
2019000000;0;129;
2020000000;0;130;
2021000000;0;129;
2022000000;0;129;
2023000000;0;130;
2024000000;0;129;
2025000000;0;129;
2026000000;0;129;
2027000000;0;130;
2028000000;0;130;
2029000000;0;129;
2030000000;0;130;
2031000000;0;130;
2032000000;0;130;
2033000000;0;130;
2034000000;0;131;
2035000000;0;131;
2036000000;0;130;
2037000000;0;132;
2038000000;0;131;
2039000000;0;131;
2040000000;0;131;
2041000000;0;133;
2042000000;0;132;
2043000000;0;132;
2044000000;0;133;
2045000000;0;133;
2046000000;0;134;
2047000000;0;134;
2048000000;0;134;
2049000000;0;134;
2050000000;0;135;
2051000000;0;135;
2052000000;0;136;
2053000000;0;137;
2054000000;0;137;
2055000000;0;138;
2056000000;0;138;
2057000000;0;139;
2058000000;0;139;
2059000000;0;139;
2060000000;0;140;
2061000000;0;141;
2062000000;0;140;
2063000000;0;142;
2064000000;0;142;
2065000000;0;143;
2066000000;0;143;
2067000000;0;144;
2068000000;0;144;
2069000000;0;145;
2070000000;0;146;
2071000000;0;146;
2072000000;0;147;
2073000000;0;147;
2074000000;0;148;
2075000000;0;149;
2076000000;0;149;
2077000000;0;150;
2078000000;0;151;
2079000000;0;152;
2080000000;0;152;
2081000000;0;153;
2082000000;0;154;
2083000000;0;154;
2084000000;0;155;
2085000000;0;156;
2086000000;0;156;
2087000000;0;157;
2088000000;0;158;
2089000000;0;159;
2090000000;0;159;
2091000000;0;160;
2092000000;0;160;
2093000000;0;162;
2094000000;0;162;
2095000000;0;163;
2096000000;0;164;
2097000000;0;164;
2098000000;0;165;
2099000000;0;167;
2100000000;0;166;
2101000000;0;168;
2102000000;0;169;
2103000000;0;169;
2104000000;0;169;
2105000000;0;171;
2106000000;0;171;
2107000000;0;172;
2108000000;0;173;
2109000000;0;175;
2110000000;0;174;
2111000000;0;176;
2112000000;0;176;
2113000000;0;177;
2114000000;0;178;
2115000000;0;179;
2116000000;0;180;
2117000000;0;180;
2118000000;0;181;
2119000000;0;182;
2120000000;0;183;
2121000000;0;183;
2122000000;0;186;
2123000000;0;186;
2124000000;0;186;
2125000000;0;187;
2126000000;0;188;
2127000000;0;189;
2128000000;0;190;
2129000000;0;191;
2130000000;0;192;
2131000000;0;192;
2132000000;0;194;
2133000000;0;195;
2134000000;0;195;
2135000000;0;195;
2136000000;0;198;
2137000000;0;198;
2138000000;0;199;
2139000000;0;200;
2140000000;0;201;
2141000000;0;204;
2142000000;0;204;
2143000000;0;206;
2144000000;0;210;
2145000000;0;211;
2146000000;0;214;
2147000000;0;216;
2148000000;0;219;
2149000000;0;222;
2150000000;0;226;
2151000000;0;225;
2152000000;0;226;
2153000000;0;227;
2154000000;0;228;
2155000000;0;229;
2156000000;0;227;
2157000000;0;228;
2158000000;0;231;
2159000000;0;236;
2160000000;0;235;
2161000000;0;230;
2162000000;0;235;
2163000000;0;235;
2164000000;0;234;
2165000000;0;235;
2166000000;0;234;
2167000000;0;235;
2168000000;0;234;
2169000000;0;233;
2170000000;0;233;
2171000000;0;235;
2172000000;0;232;
2173000000;0;232;
2174000000;0;230;
2175000000;0;229;
2176000000;0;234;
2177000000;0;231;
2178000000;0;232;
2179000000;0;230;
2180000000;0;231;
2181000000;0;230;
2182000000;0;229;
2183000000;0;228;
2184000000;0;227;
2185000000;0;227;
2186000000;0;227;
2187000000;0;226;
2188000000;0;227;
2189000000;0;226;
2190000000;0;225;
2191000000;0;224;
2192000000;0;228;
2193000000;0;224;
2194000000;0;224;
2195000000;0;223;
2196000000;0;220;
2197000000;0;221;
2198000000;0;221;
2199000000;0;221;
2200000000;0;227;
2201000000;0;226;
2202000000;0;227;
2203000000;0;225;
2204000000;0;226;
2205000000;0;226;
2206000000;0;226;
2207000000;0;225;
2208000000;0;224;
2209000000;0;224;
2210000000;0;223;
2211000000;0;224;
2212000000;0;222;
2213000000;0;223;
2214000000;0;223;
2215000000;0;222;
2216000000;0;222;
2217000000;0;221;
2218000000;0;221;
2219000000;0;220;
2220000000;0;220;
2221000000;0;220;
2222000000;0;219;
2223000000;0;219;
2224000000;0;218;
2225000000;0;218;
2226000000;0;217;
2227000000;0;217;
2228000000;0;216;
2229000000;0;216;
2230000000;0;216;
2231000000;0;214;
2232000000;0;214;
2233000000;0;213;
2234000000;0;213;
2235000000;0;212;
2236000000;0;211;
2237000000;0;210;
2238000000;0;209;
2239000000;0;209;
2240000000;0;208;
2241000000;0;207;
2242000000;0;207;
2243000000;0;207;
2244000000;0;205;
2245000000;0;205;
2246000000;0;204;
2247000000;0;203;
2248000000;0;201;
2249000000;0;201;
2250000000;0;201;
2251000000;0;199;
2252000000;0;199;
2253000000;0;198;
2254000000;0;198;
2255000000;0;197;
2256000000;0;196;
2257000000;0;195;
2258000000;0;195;
2259000000;0;193;
2260000000;0;193;
2261000000;0;192;
2262000000;0;191;
2263000000;0;191;
2264000000;0;190;
2265000000;0;188;
2266000000;0;188;
2267000000;0;187;
2268000000;0;187;
2269000000;0;186;
2270000000;0;185;
2271000000;0;184;
2272000000;0;184;
2273000000;0;182;
2274000000;0;182;
2275000000;0;181;
2276000000;0;180;
2277000000;0;179;
2278000000;0;179;
2279000000;0;178;
2280000000;0;177;
2281000000;0;176;
2282000000;0;176;
2283000000;0;175;
2284000000;0;174;
2285000000;0;174;
2286000000;0;173;
2287000000;0;173;
2288000000;0;172;
2289000000;0;172;
2290000000;0;171;
2291000000;0;171;
2292000000;0;169;
2293000000;0;170;
2294000000;0;168;
2295000000;0;168;
2296000000;0;167;
2297000000;0;167;
2298000000;0;166;
2299000000;0;165;
2300000000;0;165;
2301000000;0;165;
2302000000;0;164;
2303000000;0;164;
2304000000;0;163;
2305000000;0;162;
2306000000;0;162;
2307000000;0;162;
2308000000;0;161;
2309000000;0;161;
2310000000;0;160;
2311000000;0;160;
2312000000;0;159;
2313000000;0;159;
2314000000;0;160;
2315000000;0;159;
2316000000;0;158;
2317000000;0;157;
2318000000;0;157;
2319000000;0;157;
2320000000;0;157;
2321000000;0;156;
2322000000;0;156;
2323000000;0;156;
2324000000;0;156;
2325000000;0;156;
2326000000;0;155;
2327000000;0;155;
2328000000;0;154;
2329000000;0;154;
2330000000;0;153;
2331000000;0;153;
2332000000;0;153;
2333000000;0;153;
2334000000;0;153;
2335000000;0;153;
2336000000;0;153;
2337000000;0;152;
2338000000;0;152;
2339000000;0;152;
2340000000;0;151;
2341000000;0;152;
2342000000;0;151;
2343000000;0;151;
2344000000;0;151;
2345000000;0;150;
2346000000;0;150;
2347000000;0;149;
2348000000;0;149;
2349000000;0;150;
2350000000;0;149;
2351000000;0;149;
2352000000;0;150;
2353000000;0;149;
2354000000;0;149;
2355000000;0;148;
2356000000;0;148;
2357000000;0;148;
2358000000;0;149;
2359000000;0;148;
2360000000;0;148;
2361000000;0;148;
2362000000;0;147;
2363000000;0;147;
2364000000;0;148;
2365000000;0;147;
2366000000;0;147;
2367000000;0;146;
2368000000;0;147;
2369000000;0;147;
2370000000;0;147;
2371000000;0;146;
2372000000;0;147;
2373000000;0;146;
2374000000;0;147;
2375000000;0;146;
2376000000;0;146;
2377000000;0;147;
2378000000;0;146;
2379000000;0;146;
2380000000;0;146;
2381000000;0;146;
2382000000;0;146;
2383000000;0;146;
2384000000;0;146;
2385000000;0;146;
2386000000;0;145;
2387000000;0;146;
2388000000;0;146;
2389000000;0;146;
2390000000;0;146;
2391000000;0;146;
2392000000;0;146;
2393000000;0;146;
2394000000;0;146;
2395000000;0;147;
2396000000;0;147;
2397000000;0;146;
2398000000;0;146;
2399000000;0;146;
2400000000;0;146;
2401000000;0;146;
2402000000;0;146;
2403000000;0;147;
2404000000;0;146;
2405000000;0;146;
2406000000;0;147;
2407000000;0;146;
2408000000;0;147;
2409000000;0;147;
2410000000;0;147;
2411000000;0;147;
2412000000;0;146;
2413000000;0;147;
2414000000;0;147;
2415000000;0;147;
2416000000;0;148;
2417000000;0;147;
2418000000;0;148;
2419000000;0;148;
2420000000;0;148;
2421000000;0;148;
2422000000;0;148;
2423000000;0;148;
2424000000;0;148;
2425000000;0;147;
2426000000;0;149;
2427000000;0;149;
2428000000;0;149;
2429000000;0;149;
2430000000;0;149;
2431000000;0;149;
2432000000;0;149;
2433000000;0;149;
2434000000;0;150;
2435000000;0;150;
2436000000;0;150;
2437000000;0;150;
2438000000;0;150;
2439000000;0;150;
2440000000;0;150;
2441000000;0;151;
2442000000;0;151;
2443000000;0;151;
2444000000;0;151;
2445000000;0;151;
2446000000;0;151;
2447000000;0;152;
2448000000;0;152;
2449000000;0;151;
2450000000;0;152;
2451000000;0;153;
2452000000;0;152;
2453000000;0;153;
2454000000;0;153;
2455000000;0;153;
2456000000;0;153;
2457000000;0;154;
2458000000;0;154;
2459000000;0;154;
2460000000;0;154;
2461000000;0;155;
2462000000;0;154;
2463000000;0;155;
2464000000;0;155;
2465000000;0;156;
2466000000;0;156;
2467000000;0;156;
2468000000;0;156;
2469000000;0;156;
2470000000;0;157;
2471000000;0;157;
2472000000;0;157;
2473000000;0;157;
2474000000;0;158;
2475000000;0;157;
2476000000;0;158;
2477000000;0;158;
2478000000;0;159;
2479000000;0;159;
2480000000;0;159;
2481000000;0;159;
2482000000;0;160;
2483000000;0;161;
2484000000;0;160;
2485000000;0;160;
2486000000;0;161;
2487000000;0;161;
2488000000;0;161;
2489000000;0;162;
2490000000;0;162;
2491000000;0;162;
2492000000;0;162;
2493000000;0;163;
2494000000;0;163;
2495000000;0;164;
2496000000;0;164;
2497000000;0;164;
2498000000;0;165;
2499000000;0;165;
2500000000;0;165;
2501000000;0;166;
2502000000;0;165;
2503000000;0;165;
2504000000;0;167;
2505000000;0;166;
2506000000;0;167;
2507000000;0;167;
2508000000;0;168;
2509000000;0;169;
2510000000;0;168;
2511000000;0;169;
2512000000;0;168;
2513000000;0;170;
2514000000;0;170;
2515000000;0;170;
2516000000;0;170;
2517000000;0;170;
2518000000;0;171;
2519000000;0;172;
2520000000;0;172;
2521000000;0;173;
2522000000;0;173;
2523000000;0;174;
2524000000;0;174;
2525000000;0;174;
2526000000;0;175;
2527000000;0;175;
2528000000;0;175;
2529000000;0;176;
2530000000;0;176;
2531000000;0;176;
2532000000;0;177;
2533000000;0;178;
2534000000;0;177;
2535000000;0;178;
2536000000;0;178;
2537000000;0;179;
2538000000;0;179;
2539000000;0;180;
2540000000;0;180;
2541000000;0;181;
2542000000;0;181;
2543000000;0;182;
2544000000;0;182;
2545000000;0;182;
2546000000;0;183;
2547000000;0;184;
2548000000;0;183;
2549000000;0;184;
2550000000;0;184;
2551000000;0;185;
2552000000;0;185;
2553000000;0;185;
2554000000;0;187;
2555000000;0;186;
2556000000;0;187;
2557000000;0;187;
2558000000;0;188;
2559000000;0;188;
2560000000;0;189;
2561000000;0;189;
2562000000;0;189;
2563000000;0;189;
2564000000;0;190;
2565000000;0;190;
2566000000;0;190;
2567000000;0;191;
2568000000;0;191;
2569000000;0;190;
2570000000;0;192;
2571000000;0;192;
2572000000;0;192;
2573000000;0;192;
2574000000;0;192;
2575000000;0;192;
2576000000;0;193;
2577000000;0;193;
2578000000;0;193;
2579000000;0;193;
2580000000;0;194;
2581000000;0;194;
2582000000;0;194;
2583000000;0;194;
2584000000;0;194;
2585000000;0;195;
2586000000;0;195;
2587000000;0;194;
2588000000;0;195;
2589000000;0;195;
2590000000;0;195;
2591000000;0;194;
2592000000;0;195;
2593000000;0;195;
2594000000;0;195;
2595000000;0;194;
2596000000;0;195;
2597000000;0;195;
2598000000;0;195;
2599000000;0;195;
2600000000;0;196;
2601000000;0;195;
2602000000;0;194;
2603000000;0;195;
2604000000;0;195;
2605000000;0;195;
2606000000;0;195;
2607000000;0;194;
2608000000;0;194;
2609000000;0;195;
2610000000;0;194;
2611000000;0;194;
2612000000;0;194;
2613000000;0;194;
2614000000;0;193;
2615000000;0;193;
2616000000;0;194;
2617000000;0;193;
2618000000;0;193;
2619000000;0;193;
2620000000;0;193;
2621000000;0;192;
2622000000;0;192;
2623000000;0;193;
2624000000;0;192;
2625000000;0;192;
2626000000;0;192;
2627000000;0;192;
2628000000;0;191;
2629000000;0;192;
2630000000;0;191;
2631000000;0;190;
2632000000;0;190;
2633000000;0;190;
2634000000;0;190;
2635000000;0;190;
2636000000;0;189;
2637000000;0;189;
2638000000;0;189;
2639000000;0;189;
2640000000;0;188;
2641000000;0;188;
2642000000;0;187;
2643000000;0;188;
2644000000;0;187;
2645000000;0;187;
2646000000;0;187;
2647000000;0;187;
2648000000;0;185;
2649000000;0;185;
2650000000;0;186;
2651000000;0;185;
2652000000;0;185;
2653000000;0;185;
2654000000;0;185;
2655000000;0;184;
2656000000;0;184;
2657000000;0;184;
2658000000;0;183;
2659000000;0;183;
2660000000;0;183;
2661000000;0;182;
2662000000;0;182;
2663000000;0;182;
2664000000;0;181;
2665000000;0;180;
2666000000;0;182;
2667000000;0;180;
2668000000;0;180;
2669000000;0;180;
2670000000;0;179;
2671000000;0;179;
2672000000;0;180;
2673000000;0;179;
2674000000;0;178;
2675000000;0;179;
2676000000;0;178;
2677000000;0;177;
2678000000;0;177;
2679000000;0;177;
2680000000;0;176;
2681000000;0;176;
2682000000;0;176;
2683000000;0;175;
2684000000;0;175;
2685000000;0;174;
2686000000;0;175;
2687000000;0;175;
2688000000;0;174;
2689000000;0;173;
2690000000;0;173;
2691000000;0;173;
2692000000;0;172;
2693000000;0;172;
2694000000;0;172;
2695000000;0;172;
2696000000;0;172;
2697000000;0;171;
2698000000;0;170;
2699000000;0;171;
2700000000;0;170;
2701000000;0;170;
2702000000;0;169;
2703000000;0;169;
2704000000;0;169;
2705000000;0;168;
2706000000;0;168;
2707000000;0;167;
2708000000;0;167;
2709000000;0;167;
2710000000;0;167;
2711000000;0;167;
2712000000;0;166;
2713000000;0;166;
2714000000;0;166;
2715000000;0;165;
2716000000;0;165;
2717000000;0;165;
2718000000;0;164;
2719000000;0;165;
2720000000;0;164;
2721000000;0;163;
2722000000;0;163;
2723000000;0;163;
2724000000;0;162;
2725000000;0;162;
2726000000;0;162;
2727000000;0;162;
2728000000;0;161;
2729000000;0;161;
2730000000;0;161;
2731000000;0;161;
2732000000;0;160;
2733000000;0;161;
2734000000;0;160;
2735000000;0;159;
2736000000;0;159;
2737000000;0;159;
2738000000;0;158;
2739000000;0;158;
2740000000;0;158;
2741000000;0;158;
2742000000;0;158;
2743000000;0;158;
2744000000;0;157;
2745000000;0;157;
2746000000;0;157;
2747000000;0;156;
2748000000;0;156;
2749000000;0;156;
2750000000;0;156;
2751000000;0;156;
2752000000;0;155;
2753000000;0;155;
2754000000;0;155;
2755000000;0;154;
2756000000;0;154;
2757000000;0;155;
2758000000;0;154;
2759000000;0;154;
2760000000;0;154;
2761000000;0;153;
2762000000;0;153;
2763000000;0;152;
2764000000;0;153;
2765000000;0;152;
2766000000;0;152;
2767000000;0;151;
2768000000;0;151;
2769000000;0;151;
2770000000;0;152;
2771000000;0;151;
2772000000;0;150;
2773000000;0;151;
2774000000;0;150;
2775000000;0;150;
2776000000;0;149;
2777000000;0;149;
2778000000;0;149;
2779000000;0;149;
2780000000;0;149;
2781000000;0;148;
2782000000;0;148;
2783000000;0;148;
2784000000;0;148;
2785000000;0;148;
2786000000;0;148;
2787000000;0;148;
2788000000;0;147;
2789000000;0;147;
2790000000;0;147;
2791000000;0;146;
2792000000;0;147;
2793000000;0;147;
2794000000;0;146;
2795000000;0;145;
2796000000;0;146;
2797000000;0;146;
2798000000;0;145;
2799000000;0;144;
2800000000;0;145;
2801000000;0;145;
2802000000;0;144;
2803000000;0;144;
2804000000;0;144;
2805000000;0;143;
2806000000;0;144;
2807000000;0;143;
2808000000;0;143;
2809000000;0;142;
2810000000;0;142;
2811000000;0;142;
2812000000;0;142;
2813000000;0;142;
2814000000;0;142;
2815000000;0;141;
2816000000;0;141;
2817000000;0;141;
2818000000;0;141;
2819000000;0;141;
2820000000;0;140;
2821000000;0;139;
2822000000;0;141;
2823000000;0;139;
2824000000;0;139;
2825000000;0;139;
2826000000;0;138;
2827000000;0;138;
2828000000;0;138;
2829000000;0;138;
2830000000;0;138;
2831000000;0;137;
2832000000;0;137;
2833000000;0;137;
2834000000;0;136;
2835000000;0;136;
2836000000;0;136;
2837000000;0;136;
2838000000;0;136;
2839000000;0;135;
2840000000;0;134;
2841000000;0;135;
2842000000;0;134;
2843000000;0;134;
2844000000;0;132;
2845000000;0;131;
2846000000;0;132;
2847000000;0;130;
2848000000;0;130;
2849000000;0;130;
2850000000;0;131;
2851000000;0;130;
2852000000;0;129;
2853000000;0;129;
2854000000;0;130;
2855000000;0;129;
2856000000;0;129;
2857000000;0;128;
2858000000;0;129;
2859000000;0;128;
2860000000;0;128;
2861000000;0;127;
2862000000;0;128;
2863000000;0;127;
2864000000;0;126;
2865000000;0;126;
2866000000;0;125;
2867000000;0;126;
2868000000;0;125;
2869000000;0;125;
2870000000;0;125;
2871000000;0;124;
2872000000;0;124;
2873000000;0;124;
2874000000;0;124;
2875000000;0;124;
2876000000;0;122;
2877000000;0;123;
2878000000;0;123;
2879000000;0;122;
2880000000;0;121;
2881000000;0;121;
2882000000;0;121;
2883000000;0;122;
2884000000;0;121;
2885000000;0;121;
2886000000;0;121;
2887000000;0;120;
2888000000;0;120;
2889000000;0;120;
2890000000;0;119;
2891000000;0;119;
2892000000;0;119;
2893000000;0;119;
2894000000;0;118;
2895000000;0;118;
2896000000;0;118;
2897000000;0;117;
2898000000;0;118;
2899000000;0;117;
2900000000;0;117;
2901000000;0;117;
2902000000;0;116;
2903000000;0;116;
2904000000;0;116;
2905000000;0;116;
2906000000;0;115;
2907000000;0;115;
2908000000;0;115;
2909000000;0;115;
2910000000;0;114;
2911000000;0;114;
2912000000;0;114;
2913000000;0;114;
2914000000;0;114;
2915000000;0;113;
2916000000;0;113;
2917000000;0;113;
2918000000;0;112;
2919000000;0;112;
2920000000;0;113;
2921000000;0;112;
2922000000;0;112;
2923000000;0;111;
2924000000;0;111;
2925000000;0;111;
2926000000;0;110;
2927000000;0;110;
2928000000;0;111;
2929000000;0;111;
2930000000;0;110;
2931000000;0;109;
2932000000;0;110;
2933000000;0;109;
2934000000;0;108;
2935000000;0;109;
2936000000;0;109;
2937000000;0;108;
2938000000;0;109;
2939000000;0;108;
2940000000;0;108;
2941000000;0;108;
2942000000;0;108;
2943000000;0;107;
2944000000;0;107;
2945000000;0;107;
2946000000;0;106;
2947000000;0;107;
2948000000;0;107;
2949000000;0;107;
2950000000;0;106;
2951000000;0;107;
2952000000;0;106;
2953000000;0;106;
2954000000;0;106;
2955000000;0;106;
2956000000;0;106;
2957000000;0;106;
2958000000;0;105;
2959000000;0;105;
2960000000;0;105;
2961000000;0;104;
2962000000;0;105;
2963000000;0;104;
2964000000;0;105;
2965000000;0;105;
2966000000;0;104;
2967000000;0;104;
2968000000;0;104;
2969000000;0;104;
2970000000;0;103;
2971000000;0;104;
2972000000;0;103;
2973000000;0;103;
2974000000;0;103;
2975000000;0;103;
2976000000;0;103;
2977000000;0;103;
2978000000;0;103;
2979000000;0;102;
2980000000;0;102;
2981000000;0;102;
2982000000;0;102;
2983000000;0;102;
2984000000;0;102;
2985000000;0;102;
2986000000;0;101;
2987000000;0;102;
2988000000;0;101;
2989000000;0;103;
2990000000;0;102;
2991000000;0;101;
2992000000;0;102;
2993000000;0;101;
2994000000;0;101;
2995000000;0;101;
2996000000;0;101;
2997000000;0;101;
2998000000;0;101;
2999000000;0;101;
3000000000;0;102;
3001000000;0;101;
3002000000;0;101;
3003000000;0;101;
3004000000;0;101;
3005000000;0;101;
3006000000;0;102;
3007000000;0;101;
3008000000;0;101;
3009000000;0;101;
3010000000;0;101;
3011000000;0;100;
3012000000;0;100;
3013000000;0;101;
3014000000;0;101;
3015000000;0;101;
3016000000;0;101;
3017000000;0;101;
3018000000;0;101;
3019000000;0;101;
3020000000;0;101;
3021000000;0;101;
3022000000;0;101;
3023000000;0;101;
3024000000;0;101;
3025000000;0;100;
3026000000;0;100;
3027000000;0;101;
3028000000;0;101;
3029000000;0;100;
3030000000;0;101;
3031000000;0;101;
3032000000;0;100;
3033000000;0;100;
3034000000;0;100;
3035000000;0;100;
3036000000;0;100;
3037000000;0;101;
3038000000;0;101;
3039000000;0;100;
3040000000;0;101;
3041000000;0;101;
3042000000;0;100;
3043000000;0;100;
3044000000;0;101;
3045000000;0;101;
3046000000;0;101;
3047000000;0;101;
3048000000;0;102;
3049000000;0;101;
3050000000;0;101;
3051000000;0;101;
3052000000;0;101;
3053000000;0;102;
3054000000;0;102;
3055000000;0;101;
3056000000;0;102;
3057000000;0;102;
3058000000;0;102;
3059000000;0;102;
3060000000;0;103;
3061000000;0;101;
3062000000;0;102;
3063000000;0;103;
3064000000;0;102;
3065000000;0;103;
3066000000;0;102;
3067000000;0;104;
3068000000;0;104;
3069000000;0;103;
3070000000;0;103;
3071000000;0;104;
3072000000;0;103;
3073000000;0;103;
3074000000;0;103;
3075000000;0;105;
3076000000;0;104;
3077000000;0;104;
3078000000;0;104;
3079000000;0;104;
3080000000;0;104;
3081000000;0;105;
3082000000;0;106;
3083000000;0;104;
3084000000;0;105;
3085000000;0;106;
3086000000;0;105;
3087000000;0;106;
3088000000;0;105;
3089000000;0;105;
3090000000;0;106;
3091000000;0;106;
3092000000;0;106;
3093000000;0;107;
3094000000;0;106;
3095000000;0;107;
3096000000;0;107;
3097000000;0;107;
3098000000;0;107;
3099000000;0;108;
3100000000;0;107;
3101000000;0;107;
3102000000;0;107;
3103000000;0;108;
3104000000;0;108;
3105000000;0;108;
3106000000;0;109;
3107000000;0;109;
3108000000;0;109;
3109000000;0;109;
3110000000;0;109;
3111000000;0;109;
3112000000;0;110;
3113000000;0;110;
3114000000;0;110;
3115000000;0;111;
3116000000;0;110;
3117000000;0;111;
3118000000;0;111;
3119000000;0;111;
3120000000;0;112;
3121000000;0;111;
3122000000;0;112;
3123000000;0;111;
3124000000;0;112;
3125000000;0;113;
3126000000;0;113;
3127000000;0;113;
3128000000;0;113;
3129000000;0;114;
3130000000;0;113;
3131000000;0;114;
3132000000;0;114;
3133000000;0;114;
3134000000;0;114;
3135000000;0;114;
3136000000;0;115;
3137000000;0;114;
3138000000;0;115;
3139000000;0;115;
3140000000;0;114;
3141000000;0;115;
3142000000;0;116;
3143000000;0;116;
3144000000;0;116;
3145000000;0;116;
3146000000;0;116;
3147000000;0;116;
3148000000;0;116;
3149000000;0;116;
3150000000;0;117;
3151000000;0;116;
3152000000;0;117;
3153000000;0;117;
3154000000;0;117;
3155000000;0;117;
3156000000;0;117;
3157000000;0;118;
3158000000;0;117;
3159000000;0;118;
3160000000;0;118;
3161000000;0;118;
3162000000;0;118;
3163000000;0;118;
3164000000;0;119;
3165000000;0;118;
3166000000;0;118;
3167000000;0;118;
3168000000;0;119;
3169000000;0;118;
3170000000;0;118;
3171000000;0;119;
3172000000;0;119;
3173000000;0;119;
3174000000;0;120;
3175000000;0;119;
3176000000;0;119;
3177000000;0;119;
3178000000;0;119;
3179000000;0;119;
3180000000;0;118;
3181000000;0;120;
3182000000;0;118;
3183000000;0;119;
3184000000;0;119;
3185000000;0;119;
3186000000;0;119;
3187000000;0;119;
3188000000;0;119;
3189000000;0;119;
3190000000;0;118;
3191000000;0;118;
3192000000;0;118;
3193000000;0;118;
3194000000;0;118;
3195000000;0;118;
3196000000;0;118;
3197000000;0;118;
3198000000;0;117;
3199000000;0;118;
3200000000;0;117;
3201000000;0;117;
3202000000;0;117;
3203000000;0;117;
3204000000;0;117;
3205000000;0;117;
3206000000;0;116;
3207000000;0;116;
3208000000;0;115;
3209000000;0;116;
3210000000;0;116;
3211000000;0;115;
3212000000;0;115;
3213000000;0;115;
3214000000;0;115;
3215000000;0;115;
3216000000;0;114;
3217000000;0;113;
3218000000;0;114;
3219000000;0;114;
3220000000;0;113;
3221000000;0;113;
3222000000;0;112;
3223000000;0;112;
3224000000;0;112;
3225000000;0;112;
3226000000;0;112;
3227000000;0;111;
3228000000;0;111;
3229000000;0;111;
3230000000;0;110;
3231000000;0;110;
3232000000;0;110;
3233000000;0;109;
3234000000;0;109;
3235000000;0;109;
3236000000;0;108;
3237000000;0;108;
3238000000;0;108;
3239000000;0;108;
3240000000;0;107;
3241000000;0;107;
3242000000;0;107;
3243000000;0;106;
3244000000;0;105;
3245000000;0;106;
3246000000;0;105;
3247000000;0;104;
3248000000;0;104;
3249000000;0;105;
3250000000;0;104;
3251000000;0;103;
3252000000;0;103;
3253000000;0;103;
3254000000;0;102;
3255000000;0;102;
3256000000;0;102;
3257000000;0;101;
3258000000;0;101;
3259000000;0;100;
3260000000;0;101;
3261000000;0;99;
3262000000;0;99;
3263000000;0;100;
3264000000;0;98;
3265000000;0;98;
3266000000;0;98;
3267000000;0;98;
3268000000;0;98;
3269000000;0;97;
3270000000;0;96;
3271000000;0;96;
3272000000;0;96;
3273000000;0;96;
3274000000;0;95;
3275000000;0;95;
3276000000;0;94;
3277000000;0;94;
3278000000;0;93;
3279000000;0;93;
3280000000;0;93;
3281000000;0;93;
3282000000;0;92;
3283000000;0;92;
3284000000;0;92;
3285000000;0;91;
3286000000;0;91;
3287000000;0;91;
3288000000;0;90;
3289000000;0;90;
3290000000;0;90;
3291000000;0;90;
3292000000;0;89;
3293000000;0;89;
3294000000;0;88;
3295000000;0;88;
3296000000;0;87;
3297000000;0;88;
3298000000;0;87;
3299000000;0;86;
3300000000;0;87;
3301000000;0;86;
3302000000;0;86;
3303000000;0;85;
3304000000;0;86;
3305000000;0;84;
3306000000;0;85;
3307000000;0;84;
3308000000;0;84;
3309000000;0;84;
3310000000;0;84;
3311000000;0;83;
3312000000;0;83;
3313000000;0;83;
3314000000;0;83;
3315000000;0;83;
3316000000;0;82;
3317000000;0;82;
3318000000;0;81;
3319000000;0;81;
3320000000;0;80;
3321000000;0;80;
3322000000;0;80;
3323000000;0;80;
3324000000;0;79;
3325000000;0;79;
3326000000;0;79;
3327000000;0;78;
3328000000;0;78;
3329000000;0;78;
3330000000;0;77;
3331000000;0;77;
3332000000;0;77;
3333000000;0;77;
3334000000;0;77;
3335000000;0;76;
3336000000;0;75;
3337000000;0;75;
3338000000;0;76;
3339000000;0;75;
3340000000;0;75;
3341000000;0;74;
3342000000;0;74;
3343000000;0;75;
3344000000;0;74;
3345000000;0;74;
3346000000;0;73;
3347000000;0;73;
3348000000;0;72;
3349000000;0;73;
3350000000;0;72;
3351000000;0;71;
3352000000;0;72;
3353000000;0;72;
3354000000;0;72;
3355000000;0;71;
3356000000;0;71;
3357000000;0;71;
3358000000;0;71;
3359000000;0;70;
3360000000;0;70;
3361000000;0;70;
3362000000;0;70;
3363000000;0;70;
3364000000;0;70;
3365000000;0;69;
3366000000;0;69;
3367000000;0;69;
3368000000;0;69;
3369000000;0;68;
3370000000;0;68;
3371000000;0;68;
3372000000;0;67;
3373000000;0;68;
3374000000;0;68;
3375000000;0;67;
3376000000;0;67;
3377000000;0;67;
3378000000;0;67;
3379000000;0;66;
3380000000;0;67;
3381000000;0;67;
3382000000;0;66;
3383000000;0;66;
3384000000;0;67;
3385000000;0;66;
3386000000;0;66;
3387000000;0;66;
3388000000;0;66;
3389000000;0;66;
3390000000;0;66;
3391000000;0;65;
3392000000;0;65;
3393000000;0;65;
3394000000;0;66;
3395000000;0;64;
3396000000;0;64;
3397000000;0;64;
3398000000;0;64;
3399000000;0;64;
3400000000;0;64;
3401000000;0;64;
3402000000;0;64;
3403000000;0;64;
3404000000;0;64;
3405000000;0;64;
3406000000;0;64;
3407000000;0;64;
3408000000;0;64;
3409000000;0;63;
3410000000;0;64;
3411000000;0;63;
3412000000;0;63;
3413000000;0;63;
3414000000;0;63;
3415000000;0;63;
3416000000;0;62;
3417000000;0;63;
3418000000;0;62;
3419000000;0;62;
3420000000;0;63;
3421000000;0;62;
3422000000;0;62;
3423000000;0;62;
3424000000;0;62;
3425000000;0;63;
3426000000;0;62;
3427000000;0;63;
3428000000;0;63;
3429000000;0;62;
3430000000;0;62;
3431000000;0;62;
3432000000;0;61;
3433000000;0;63;
3434000000;0;63;
3435000000;0;62;
3436000000;0;61;
3437000000;0;62;
3438000000;0;62;
3439000000;0;62;
3440000000;0;62;
3441000000;0;62;
3442000000;0;61;
3443000000;0;62;
3444000000;0;62;
3445000000;0;63;
3446000000;0;62;
3447000000;0;62;
3448000000;0;61;
3449000000;0;62;
3450000000;0;62;
3451000000;0;62;
3452000000;0;62;
3453000000;0;62;
3454000000;0;62;
3455000000;0;62;
3456000000;0;62;
3457000000;0;62;
3458000000;0;63;
3459000000;0;61;
3460000000;0;62;
3461000000;0;62;
3462000000;0;62;
3463000000;0;62;
3464000000;0;63;
3465000000;0;62;
3466000000;0;63;
3467000000;0;62;
3468000000;0;62;
3469000000;0;63;
3470000000;0;62;
3471000000;0;64;
3472000000;0;62;
3473000000;0;63;
3474000000;0;62;
3475000000;0;62;
3476000000;0;63;
3477000000;0;63;
3478000000;0;63;
3479000000;0;63;
3480000000;0;64;
3481000000;0;64;
3482000000;0;63;
3483000000;0;63;
3484000000;0;64;
3485000000;0;64;
3486000000;0;64;
3487000000;0;63;
3488000000;0;64;
3489000000;0;64;
3490000000;0;63;
3491000000;0;64;
3492000000;0;64;
3493000000;0;63;
3494000000;0;64;
3495000000;0;65;
3496000000;0;64;
3497000000;0;65;
3498000000;0;65;
3499000000;0;65;
3500000000;0;65;
3501000000;0;65;
3502000000;0;65;
3503000000;0;65;
3504000000;0;65;
3505000000;0;65;
3506000000;0;66;
3507000000;0;66;
3508000000;0;66;
3509000000;0;66;
3510000000;0;66;
3511000000;0;66;
3512000000;0;66;
3513000000;0;67;
3514000000;0;67;
3515000000;0;66;
3516000000;0;67;
3517000000;0;68;
3518000000;0;67;
3519000000;0;67;
3520000000;0;67;
3521000000;0;67;
3522000000;0;68;
3523000000;0;68;
3524000000;0;67;
3525000000;0;68;
3526000000;0;68;
3527000000;0;69;
3528000000;0;68;
3529000000;0;68;
3530000000;0;69;
3531000000;0;68;
3532000000;0;70;
3533000000;0;70;
3534000000;0;69;
3535000000;0;70;
3536000000;0;70;
3537000000;0;70;
3538000000;0;70;
3539000000;0;71;
3540000000;0;70;
3541000000;0;71;
3542000000;0;71;
3543000000;0;72;
3544000000;0;72;
3545000000;0;71;
3546000000;0;72;
3547000000;0;73;
3548000000;0;73;
3549000000;0;72;
3550000000;0;73;
3551000000;0;73;
3552000000;0;72;
3553000000;0;73;
3554000000;0;73;
3555000000;0;73;
3556000000;0;73;
3557000000;0;75;
3558000000;0;74;
3559000000;0;74;
3560000000;0;74;
3561000000;0;75;
3562000000;0;75;
3563000000;0;75;
3564000000;0;75;
3565000000;0;75;
3566000000;0;76;
3567000000;0;76;
3568000000;0;76;
3569000000;0;76;
3570000000;0;76;
3571000000;0;77;
3572000000;0;77;
3573000000;0;78;
3574000000;0;77;
3575000000;0;78;
3576000000;0;78;
3577000000;0;78;
3578000000;0;78;
3579000000;0;79;
3580000000;0;79;
3581000000;0;80;
3582000000;0;80;
3583000000;0;80;
3584000000;0;80;
3585000000;0;81;
3586000000;0;80;
3587000000;0;81;
3588000000;0;81;
3589000000;0;81;
3590000000;0;82;
3591000000;0;82;
3592000000;0;82;
3593000000;0;80;
3594000000;0;79;
3595000000;0;78;
3596000000;0;79;
3597000000;0;79;
3598000000;0;79;
3599000000;0;79;
3600000000;0;84;
3601000000;0;85;
3602000000;0;85;
3603000000;0;85;
3604000000;0;85;
3605000000;0;85;
3606000000;0;85;
3607000000;0;86;
3608000000;0;86;
3609000000;0;87;
3610000000;0;86;
3611000000;0;87;
3612000000;0;87;
3613000000;0;87;
3614000000;0;88;
3615000000;0;88;
3616000000;0;88;
3617000000;0;88;
3618000000;0;88;
3619000000;0;88;
3620000000;0;89;
3621000000;0;88;
3622000000;0;89;
3623000000;0;90;
3624000000;0;90;
3625000000;0;89;
3626000000;0;90;
3627000000;0;90;
3628000000;0;89;
3629000000;0;90;
3630000000;0;90;
3631000000;0;91;
3632000000;0;91;
3633000000;0;91;
3634000000;0;91;
3635000000;0;91;
3636000000;0;91;
3637000000;0;91;
3638000000;0;91;
3639000000;0;95;
3640000000;0;96;
3641000000;0;96;
3642000000;0;96;
3643000000;0;96;
3644000000;0;96;
3645000000;0;96;
3646000000;0;96;
3647000000;0;96;
3648000000;0;96;
3649000000;0;97;
3650000000;0;97;
3651000000;0;96;
3652000000;0;97;
3653000000;0;96;
3654000000;0;97;
3655000000;0;97;
3656000000;0;97;
3657000000;0;97;
3658000000;0;96;
3659000000;0;96;
3660000000;0;97;
3661000000;0;97;
3662000000;0;96;
3663000000;0;96;
3664000000;0;98;
3665000000;0;97;
3666000000;0;97;
3667000000;0;96;
3668000000;0;96;
3669000000;0;97;
3670000000;0;96;
3671000000;0;96;
3672000000;0;96;
3673000000;0;95;
3674000000;0;95;
3675000000;0;96;
3676000000;0;96;
3677000000;0;95;
3678000000;0;95;
3679000000;0;95;
3680000000;0;95;
3681000000;0;94;
3682000000;0;95;
3683000000;0;95;
3684000000;0;95;
3685000000;0;94;
3686000000;0;94;
3687000000;0;94;
3688000000;0;93;
3689000000;0;93;
3690000000;0;93;
3691000000;0;93;
3692000000;0;93;
3693000000;0;92;
3694000000;0;92;
3695000000;0;92;
3696000000;0;92;
3697000000;0;92;
3698000000;0;92;
3699000000;0;91;
3700000000;0;91;
3701000000;0;91;
3702000000;0;91;
3703000000;0;90;
3704000000;0;90;
3705000000;0;90;
3706000000;0;90;
3707000000;0;89;
3708000000;0;89;
3709000000;0;89;
3710000000;0;89;
3711000000;0;88;
3712000000;0;88;
3713000000;0;87;
3714000000;0;87;
3715000000;0;88;
3716000000;0;87;
3717000000;0;86;
3718000000;0;87;
3719000000;0;85;
3720000000;0;86;
3721000000;0;86;
3722000000;0;85;
3723000000;0;85;
3724000000;0;85;
3725000000;0;84;
3726000000;0;84;
3727000000;0;84;
3728000000;0;84;
3729000000;0;84;
3730000000;0;83;
3731000000;0;83;
3732000000;0;83;
3733000000;0;82;
3734000000;0;82;
3735000000;0;81;
3736000000;0;81;
3737000000;0;81;
3738000000;0;81;
3739000000;0;81;
3740000000;0;80;
3741000000;0;80;
3742000000;0;80;
3743000000;0;80;
3744000000;0;79;
3745000000;0;79;
3746000000;0;79;
3747000000;0;79;
3748000000;0;78;
3749000000;0;78;
3750000000;0;78;
3751000000;0;77;
3752000000;0;78;
3753000000;0;77;
3754000000;0;77;
3755000000;0;76;
3756000000;0;76;
3757000000;0;76;
3758000000;0;75;
3759000000;0;76;
3760000000;0;75;
3761000000;0;75;
3762000000;0;74;
3763000000;0;74;
3764000000;0;74;
3765000000;0;74;
3766000000;0;74;
3767000000;0;73;
3768000000;0;73;
3769000000;0;72;
3770000000;0;72;
3771000000;0;72;
3772000000;0;72;
3773000000;0;72;
3774000000;0;71;
3775000000;0;72;
3776000000;0;71;
3777000000;0;71;
3778000000;0;70;
3779000000;0;70;
3780000000;0;69;
3781000000;0;70;
3782000000;0;70;
3783000000;0;70;
3784000000;0;70;
3785000000;0;70;
3786000000;0;69;
3787000000;0;69;
3788000000;0;69;
3789000000;0;68;
3790000000;0;68;
3791000000;0;68;
3792000000;0;68;
3793000000;0;67;
3794000000;0;68;
3795000000;0;67;
3796000000;0;68;
3797000000;0;67;
3798000000;0;66;
3799000000;0;66;
3800000000;0;66;
3801000000;0;65;
3802000000;0;65;
3803000000;0;66;
3804000000;0;66;
3805000000;0;65;
3806000000;0;65;
3807000000;0;65;
3808000000;0;64;
3809000000;0;65;
3810000000;0;65;
3811000000;0;64;
3812000000;0;64;
3813000000;0;64;
3814000000;0;65;
3815000000;0;64;
3816000000;0;64;
3817000000;0;64;
3818000000;0;63;
3819000000;0;63;
3820000000;0;62;
3821000000;0;63;
3822000000;0;63;
3823000000;0;63;
3824000000;0;62;
3825000000;0;62;
3826000000;0;62;
3827000000;0;62;
3828000000;0;62;
3829000000;0;62;
3830000000;0;62;
3831000000;0;62;
3832000000;0;61;
3833000000;0;61;
3834000000;0;61;
3835000000;0;61;
3836000000;0;61;
3837000000;0;60;
3838000000;0;60;
3839000000;0;60;
3840000000;0;60;
3841000000;0;60;
3842000000;0;60;
3843000000;0;60;
3844000000;0;60;
3845000000;0;60;
3846000000;0;60;
3847000000;0;60;
3848000000;0;60;
3849000000;0;60;
3850000000;0;59;
3851000000;0;59;
3852000000;0;60;
3853000000;0;59;
3854000000;0;59;
3855000000;0;58;
3856000000;0;59;
3857000000;0;59;
3858000000;0;59;
3859000000;0;59;
3860000000;0;59;
3861000000;0;59;
3862000000;0;59;
3863000000;0;59;
3864000000;0;58;
3865000000;0;59;
3866000000;0;57;
3867000000;0;58;
3868000000;0;58;
3869000000;0;58;
3870000000;0;58;
3871000000;0;58;
3872000000;0;58;
3873000000;0;58;
3874000000;0;58;
3875000000;0;58;
3876000000;0;58;
3877000000;0;58;
3878000000;0;57;
3879000000;0;58;
3880000000;0;58;
3881000000;0;57;
3882000000;0;58;
3883000000;0;58;
3884000000;0;58;
3885000000;0;58;
3886000000;0;58;
3887000000;0;58;
3888000000;0;58;
3889000000;0;58;
3890000000;0;58;
3891000000;0;58;
3892000000;0;58;
3893000000;0;58;
3894000000;0;58;
3895000000;0;58;
3896000000;0;57;
3897000000;0;57;
3898000000;0;58;
3899000000;0;58;
3900000000;0;58;
3901000000;0;57;
3902000000;0;58;
3903000000;0;57;
3904000000;0;58;
3905000000;0;58;
3906000000;0;58;
3907000000;0;58;
3908000000;0;58;
3909000000;0;58;
3910000000;0;58;
3911000000;0;58;
3912000000;0;59;
3913000000;0;58;
3914000000;0;58;
3915000000;0;59;
3916000000;0;58;
3917000000;0;59;
3918000000;0;59;
3919000000;0;59;
3920000000;0;59;
3921000000;0;59;
3922000000;0;59;
3923000000;0;59;
3924000000;0;60;
3925000000;0;59;
3926000000;0;59;
3927000000;0;59;
3928000000;0;59;
3929000000;0;60;
3930000000;0;59;
3931000000;0;60;
3932000000;0;59;
3933000000;0;60;
3934000000;0;59;
3935000000;0;60;
3936000000;0;60;
3937000000;0;60;
3938000000;0;60;
3939000000;0;60;
3940000000;0;60;
3941000000;0;61;
3942000000;0;61;
3943000000;0;61;
3944000000;0;61;
3945000000;0;61;
3946000000;0;61;
3947000000;0;62;
3948000000;0;62;
3949000000;0;62;
3950000000;0;62;
3951000000;0;62;
3952000000;0;62;
3953000000;0;63;
3954000000;0;62;
3955000000;0;62;
3956000000;0;62;
3957000000;0;63;
3958000000;0;62;
3959000000;0;64;
3960000000;0;63;
3961000000;0;63;
3962000000;0;64;
3963000000;0;64;
3964000000;0;64;
3965000000;0;64;
3966000000;0;64;
3967000000;0;64;
3968000000;0;64;
3969000000;0;65;
3970000000;0;65;
3971000000;0;65;
3972000000;0;64;
3973000000;0;65;
3974000000;0;65;
3975000000;0;66;
3976000000;0;66;
3977000000;0;66;
3978000000;0;66;
3979000000;0;66;
3980000000;0;67;
3981000000;0;66;
3982000000;0;67;
3983000000;0;68;
3984000000;0;67;
3985000000;0;67;
3986000000;0;68;
3987000000;0;68;
3988000000;0;69;
3989000000;0;68;
3990000000;0;68;
3991000000;0;69;
3992000000;0;69;
3993000000;0;69;
3994000000;0;69;
3995000000;0;69;
3996000000;0;69;
3997000000;0;70;
3998000000;0;70;
3999000000;0;70;
4000000000;0;70;
4001000000;0;71;
4002000000;0;71;
4003000000;0;71;
4004000000;0;71;
4005000000;0;71;
4006000000;0;72;
4007000000;0;73;
4008000000;0;72;
4009000000;0;72;
4010000000;0;73;
4011000000;0;73;
4012000000;0;73;
4013000000;0;73;
4014000000;0;73;
4015000000;0;74;
4016000000;0;74;
4017000000;0;74;
4018000000;0;75;
4019000000;0;74;
4020000000;0;75;
4021000000;0;75;
4022000000;0;76;
4023000000;0;75;
4024000000;0;75;
4025000000;0;76;
4026000000;0;76;
4027000000;0;77;
4028000000;0;77;
4029000000;0;77;
4030000000;0;77;
4031000000;0;77;
4032000000;0;77;
4033000000;0;78;
4034000000;0;78;
4035000000;0;78;
4036000000;0;78;
4037000000;0;79;
4038000000;0;80;
4039000000;0;79;
4040000000;0;79;
4041000000;0;80;
4042000000;0;80;
4043000000;0;80;
4044000000;0;81;
4045000000;0;81;
4046000000;0;81;
4047000000;0;82;
4048000000;0;81;
4049000000;0;81;
4050000000;0;82;
4051000000;0;82;
4052000000;0;82;
4053000000;0;83;
4054000000;0;83;
4055000000;0;83;
4056000000;0;83;
4057000000;0;84;
4058000000;0;84;
4059000000;0;84;
4060000000;0;84;
4061000000;0;85;
4062000000;0;85;
4063000000;0;85;
4064000000;0;86;
4065000000;0;85;
4066000000;0;86;
4067000000;0;86;
4068000000;0;86;
4069000000;0;86;
4070000000;0;87;
4071000000;0;87;
4072000000;0;87;
4073000000;0;87;
4074000000;0;87;
4075000000;0;88;
4076000000;0;88;
4077000000;0;88;
4078000000;0;88;
4079000000;0;89;
4080000000;0;89;
4081000000;0;89;
4082000000;0;89;
4083000000;0;90;
4084000000;0;90;
4085000000;0;89;
4086000000;0;90;
4087000000;0;90;
4088000000;0;90;
4089000000;0;90;
4090000000;0;90;
4091000000;0;91;
4092000000;0;90;
4093000000;0;91;
4094000000;0;92;
4095000000;0;91;
4096000000;0;91;
4097000000;0;91;
4098000000;0;91;
4099000000;0;92;
4100000000;0;91;
4101000000;0;92;
4102000000;0;92;
4103000000;0;92;
4104000000;0;91;
4105000000;0;92;
4106000000;0;92;
4107000000;0;93;
4108000000;0;92;
4109000000;0;92;
4110000000;0;92;
4111000000;0;92;
4112000000;0;92;
4113000000;0;92;
4114000000;0;93;
4115000000;0;93;
4116000000;0;93;
4117000000;0;93;
4118000000;0;93;
4119000000;0;93;
4120000000;0;92;
4121000000;0;92;
4122000000;0;93;
4123000000;0;93;
4124000000;0;92;
4125000000;0;93;
4126000000;0;93;
4127000000;0;93;
4128000000;0;93;
4129000000;0;93;
4130000000;0;93;
4131000000;0;93;
4132000000;0;93;
4133000000;0;92;
4134000000;0;93;
4135000000;0;93;
4136000000;0;93;
4137000000;0;92;
4138000000;0;92;
4139000000;0;92;
4140000000;0;92;
4141000000;0;93;
4142000000;0;92;
4143000000;0;93;
4144000000;0;93;
4145000000;0;92;
4146000000;0;93;
4147000000;0;92;
4148000000;0;92;
4149000000;0;93;
4150000000;0;92;
4151000000;0;92;
4152000000;0;91;
4153000000;0;92;
4154000000;0;92;
4155000000;0;97;
4156000000;0;90;
4157000000;0;96;
4158000000;0;96;
4159000000;0;95;
4160000000;0;96;
4161000000;0;96;
4162000000;0;96;
4163000000;0;91;
4164000000;0;91;
4165000000;0;90;
4166000000;0;90;
4167000000;0;91;
4168000000;0;90;
4169000000;0;90;
4170000000;0;89;
4171000000;0;90;
4172000000;0;90;
4173000000;0;89;
4174000000;0;90;
4175000000;0;89;
4176000000;0;89;
4177000000;0;89;
4178000000;0;89;
4179000000;0;88;
4180000000;0;88;
4181000000;0;88;
4182000000;0;87;
4183000000;0;88;
4184000000;0;88;
4185000000;0;87;
4186000000;0;86;
4187000000;0;88;
4188000000;0;87;
4189000000;0;86;
4190000000;0;86;
4191000000;0;87;
4192000000;0;86;
4193000000;0;85;
4194000000;0;86;
4195000000;0;85;
4196000000;0;86;
4197000000;0;85;
4198000000;0;85;
4199000000;0;85;
4200000000;0;85;
4201000000;0;85;
4202000000;0;85;
4203000000;0;85;
4204000000;0;85;
4205000000;0;84;
4206000000;0;84;
4207000000;0;83;
4208000000;0;85;
4209000000;0;84;
4210000000;0;84;
4211000000;0;84;
4212000000;0;83;
4213000000;0;83;
4214000000;0;83;
4215000000;0;82;
4216000000;0;83;
4217000000;0;83;
4218000000;0;81;
4219000000;0;82;
4220000000;0;81;
4221000000;0;82;
4222000000;0;82;
4223000000;0;82;
4224000000;0;81;
4225000000;0;81;
4226000000;0;81;
4227000000;0;80;
4228000000;0;81;
4229000000;0;80;
4230000000;0;80;
4231000000;0;80;
4232000000;0;80;
4233000000;0;79;
4234000000;0;80;
4235000000;0;80;
4236000000;0;80;
4237000000;0;80;
4238000000;0;80;
4239000000;0;79;
4240000000;0;79;
4241000000;0;78;
4242000000;0;79;
4243000000;0;78;
4244000000;0;78;
4245000000;0;78;
4246000000;0;78;
4247000000;0;78;
4248000000;0;78;
4249000000;0;78;
4250000000;0;77;
4251000000;0;77;
4252000000;0;77;
4253000000;0;77;
4254000000;0;76;
4255000000;0;76;
4256000000;0;77;
4257000000;0;76;
4258000000;0;76;
4259000000;0;76;
4260000000;0;76;
4261000000;0;75;
4262000000;0;76;
4263000000;0;75;
4264000000;0;75;
4265000000;0;75;
4266000000;0;75;
4267000000;0;75;
4268000000;0;75;
4269000000;0;75;
4270000000;0;75;
4271000000;0;74;
4272000000;0;74;
4273000000;0;74;
4274000000;0;74;
4275000000;0;74;
4276000000;0;73;
4277000000;0;74;
4278000000;0;73;
4279000000;0;73;
4280000000;0;72;
4281000000;0;72;
4282000000;0;73;
4283000000;0;73;
4284000000;0;73;
4285000000;0;73;
4286000000;0;72;
4287000000;0;72;
4288000000;0;72;
4289000000;0;71;
4290000000;0;71;
4291000000;0;71;
4292000000;0;70;
4293000000;0;70;
4294000000;0;70;