33;0;188;
34;0;186;
35;0;185;
36;0;186;
37;0;188;
38;0;190;
39;0;191;
40;0;191;
41;0;191;
42;0;192;
43;0;193;
44;0;194;
45;0;187;
46;0;187;
47;0;187;
48;0;187;
49;0;189;
50;0;189;
51;0;189;
52;0;191;
53;0;193;
54;0;193;
55;0;195;
56;0;195;
57;0;192;
58;0;193;
59;0;191;
60;0;191;
61;0;190;
62;0;190;
63;0;191;
64;0;191;
65;0;191;
66;0;190;
67;0;191;
68;0;192;
69;0;185;
70;0;184;
71;0;185;
72;0;186;
73;0;188;
74;0;189;
75;0;190;
76;0;192;
77;0;192;
78;0;193;
79;0;193;
80;0;191;
81;0;193;
82;0;192;
83;0;192;
84;0;192;
85;0;191;
86;0;192;
87;0;193;
88;0;194;
89;0;189;
90;0;190;
91;0;189;
92;0;189;
93;0;187;
94;0;188;
95;0;189;
96;0;191;
97;0;192;
98;0;192;
99;0;191;
100;0;190;
101;0;190;
102;0;190;
103;0;191;
104;0;192;
105;0;193;
106;0;196;
107;0;195;
108;0;195;
109;0;196;
110;0;195;
111;0;195;
112;0;196;
113;0;196;
114;0;194;
115;0;195;
116;0;195;
117;0;196;
118;0;196;
119;0;196;
120;0;197;
121;0;197;
122;0;197;
123;0;197;
124;0;197;
125;0;197;
126;0;198;
127;0;198;
128;0;199;
129;0;199;
130;0;200;
131;0;200;
132;0;200;
133;0;200;
134;0;199;
135;0;197;
136;0;197;
137;0;197;
138;0;189;
139;0;189;
140;0;188;
141;0;189;
142;0;190;
143;0;191;
144;0;191;
145;0;192;
146;0;193;
147;0;194;
148;0;195;
149;0;196;
150;0;195;
151;0;195;
152;0;193;
153;0;192;
154;0;190;
155;0;189;
156;0;187;
157;0;185;
158;0;184;
159;0;183;
160;0;182;
161;0;182;
162;0;182;
163;0;183;
164;0;184;
165;0;187;
166;0;189;
167;0;192;
168;0;195;
169;0;198;
170;0;201;
171;0;203;
172;0;204;
173;0;203;
174;0;202;
175;0;200;
176;0;198;
177;0;197;
178;0;199;
179;0;197;
180;0;196;
181;0;194;
182;0;193;
183;0;193;
184;0;192;
185;0;190;
186;0;189;
187;0;188;
188;0;188;
189;0;189;
190;0;189;
191;0;190;
192;0;191;
193;0;192;
194;0;195;
195;0;196;
196;0;199;
197;0;201;
198;0;203;
199;0;205;
200;0;207;
201;0;209;
202;0;210;
203;0;210;
204;0;210;
205;0;210;
206;0;209;
207;0;208;
208;0;207;
209;0;206;
210;0;205;
211;0;204;
212;0;203;
213;0;202;
214;0;202;
215;0;201;
216;0;201;
217;0;200;
218;0;199;
219;0;198;
220;0;197;
221;0;197;
222;0;196;
223;0;196;
224;0;195;
225;0;195;
226;0;194;
227;0;194;
228;0;196;
229;0;197;
230;0;196;
231;0;196;
232;0;197;
233;0;198;
234;0;198;
235;0;198;
236;0;199;
237;0;200;
238;0;200;
239;0;201;
240;0;203;
241;0;204;
242;0;205;
243;0;207;
244;0;210;
245;0;212;
246;0;214;
247;0;215;
248;0;216;
249;0;216;
250;0;217;
251;0;217;
252;0;215;
253;0;214;
254;0;214;
255;0;214;
256;0;214;
257;0;214;
258;0;213;
259;0;213;
260;0;213;
261;0;212;
262;0;212;
263;0;211;
264;0;211;
265;0;210;
266;0;209;
267;0;209;
268;0;208;
269;0;206;
270;0;204;
271;0;203;
272;0;203;
273;0;203;
274;0;203;
275;0;195;
276;0;195;
277;0;194;
278;0;194;
279;0;194;
280;0;195;
281;0;195;
282;0;196;
283;0;197;
284;0;198;
285;0;199;
286;0;199;
287;0;200;
288;0;201;
289;0;201;
290;0;202;
291;0;201;
292;0;201;
293;0;200;
294;0;200;
295;0;200;
296;0;200;
297;0;198;
298;0;198;
299;0;197;
300;0;197;
301;0;197;
302;0;198;
303;0;198;
304;0;199;
305;0;199;
306;0;200;
307;0;201;
308;0;202;
309;0;203;
310;0;204;
311;0;205;
312;0;206;
313;0;208;
314;0;209;
315;0;210;
316;0;210;
317;0;210;
318;0;210;
319;0;210;
320;0;208;
321;0;208;
322;0;207;
323;0;205;
324;0;203;
325;0;201;
326;0;199;
327;0;198;
328;0;196;
329;0;195;
330;0;194;
331;0;193;
332;0;192;
333;0;191;
334;0;191;
335;0;191;
336;0;190;
337;0;189;
338;0;188;
339;0;190;
340;0;189;
341;0;189;
342;0;190;
343;0;190;
344;0;190;
345;0;191;
346;0;192;
347;0;193;
348;0;193;
349;0;194;
350;0;195;
351;0;197;
352;0;198;
353;0;200;
354;0;200;
355;0;202;
356;0;208;
357;0;210;
358;0;211;
359;0;213;
360;0;214;
361;0;216;
362;0;217;
363;0;218;
364;0;219;
365;0;220;
366;0;222;
367;0;222;
368;0;223;
369;0;223;
370;0;222;
371;0;222;
372;0;221;
373;0;221;
374;0;219;
375;0;218;
376;0;217;
377;0;216;
378;0;215;
379;0;213;
380;0;212;
381;0;210;
382;0;210;
383;0;207;
384;0;206;
385;0;205;
386;0;204;
387;0;203;
388;0;202;
389;0;201;
390;0;200;
391;0;200;
392;0;199;
393;0;199;
394;0;198;
395;0;198;
396;0;198;
397;0;198;
398;0;197;
399;0;197;
400;0;196;
401;0;197;
402;0;196;
403;0;195;
404;0;194;
405;0;193;
406;0;193;
407;0;192;
408;0;192;
409;0;190;
410;0;189;
411;0;188;
412;0;187;
413;0;186;
414;0;186;
415;0;186;
416;0;185;
417;0;185;
418;0;186;
419;0;186;
420;0;186;
421;0;187;
422;0;187;
423;0;188;
424;0;188;
425;0;189;
426;0;189;
427;0;191;
428;0;191;
429;0;192;
430;0;193;
431;0;194;
432;0;195;
433;0;196;
434;0;197;
435;0;198;
436;0;200;
437;0;201;
438;0;202;
439;0;203;
440;0;205;
441;0;206;
442;0;207;
443;0;208;
444;0;208;
445;0;208;
446;0;208;
447;0;208;
448;0;208;
449;0;208;
450;0;208;
451;0;206;
452;0;205;
453;0;204;
454;0;204;
455;0;205;
456;0;204;
457;0;203;
458;0;201;
459;0;201;
460;0;200;
461;0;199;
462;0;198;
463;0;197;
464;0;195;
465;0;195;
466;0;195;
467;0;194;
468;0;192;
469;0;192;
470;0;191;
471;0;191;
472;0;191;
473;0;190;
474;0;188;
475;0;188;
476;0;188;
477;0;188;
478;0;187;
479;0;187;
480;0;186;
481;0;186;
482;0;186;
483;0;186;
484;0;186;
485;0;186;
486;0;185;
487;0;186;
488;0;186;
489;0;185;
490;0;186;
491;0;186;
492;0;186;
493;0;186;
494;0;187;
495;0;187;
496;0;188;
497;0;189;
498;0;189;
499;0;190;
500;0;191;
501;0;192;
502;0;192;
503;0;194;
504;0;194;
505;0;196;
506;0;197;
507;0;199;
508;0;200;
509;0;201;
510;0;202;
511;0;203;
512;0;205;
513;0;206;
514;0;208;
515;0;208;
516;0;209;
517;0;210;
518;0;211;
519;0;211;
520;0;211;
521;0;211;
522;0;212;
523;0;212;
524;0;212;
525;0;211;
526;0;211;
527;0;211;
528;0;211;
529;0;210;
530;0;209;
531;0;208;
532;0;208;
533;0;208;
534;0;207;
535;0;206;
536;0;206;
537;0;203;
538;0;202;
539;0;201;
540;0;199;
541;0;196;
542;0;195;
543;0;194;
544;0;196;
545;0;193;
546;0;192;
547;0;192;
548;0;192;
549;0;189;
550;0;201;
551;0;200;
552;0;200;
553;0;200;
554;0;199;
555;0;198;
556;0;197;
557;0;197;
558;0;196;
559;0;195;
560;0;195;
561;0;194;
562;0;195;
563;0;193;
564;0;193;
565;0;192;
566;0;192;
567;0;192;
568;0;193;
569;0;192;
570;0;192;
571;0;192;
572;0;192;
573;0;193;
574;0;193;
575;0;192;
576;0;193;
577;0;194;
578;0;194;
579;0;195;
580;0;195;
581;0;196;
582;0;196;
583;0;197;
584;0;197;
585;0;198;
586;0;199;
587;0;200;
588;0;200;
589;0;200;
590;0;202;
591;0;203;
592;0;203;
593;0;204;
594;0;204;
595;0;205;
596;0;207;
597;0;208;
598;0;208;
599;0;209;
600;0;210;
601;0;210;
602;0;212;
603;0;213;
604;0;214;
605;0;215;
606;0;215;
607;0;216;
608;0;218;
609;0;218;
610;0;219;
611;0;219;
612;0;220;
613;0;221;
614;0;222;
615;0;222;
616;0;223;
617;0;224;
618;0;224;
619;0;224;
620;0;224;
621;0;225;
622;0;225;
623;0;225;
624;0;226;
625;0;226;
626;0;226;
627;0;226;
628;0;226;
629;0;226;
630;0;226;
631;0;226;
632;0;225;
633;0;225;
634;0;225;
635;0;224;
636;0;225;
637;0;224;
638;0;224;
639;0;223;
640;0;223;
641;0;222;
642;0;222;
643;0;221;
644;0;219;
645;0;219;
646;0;218;
647;0;218;
648;0;217;
649;0;216;
650;0;215;
651;0;214;
652;0;213;
653;0;213;
654;0;212;
655;0;210;
656;0;209;
657;0;209;
658;0;208;
659;0;208;
660;0;207;
661;0;206;
662;0;206;
663;0;204;
664;0;204;
665;0;204;
666;0;203;
667;0;203;
668;0;202;
669;0;201;
670;0;202;
671;0;201;
672;0;200;
673;0;199;
674;0;200;
675;0;199;
676;0;200;
677;0;199;
678;0;199;
679;0;199;
680;0;198;
681;0;198;
682;0;199;
683;0;198;
684;0;198;
685;0;198;
686;0;198;
687;0;199;
688;0;199;
689;0;199;
690;0;198;
691;0;198;
692;0;199;
693;0;199;
694;0;200;
695;0;199;
696;0;199;
697;0;199;
698;0;200;
699;0;201;
700;0;201;
701;0;201;
702;0;201;
703;0;202;
704;0;203;
705;0;203;
706;0;204;
707;0;204;
708;0;205;
709;0;206;
710;0;207;
711;0;208;
712;0;209;
713;0;210;
714;0;210;
715;0;211;
716;0;213;
717;0;214;
718;0;216;
719;0;217;
720;0;219;
721;0;221;
722;0;222;
723;0;224;
724;0;226;
725;0;228;
726;0;230;
727;0;232;
728;0;235;
729;0;237;
730;0;238;
731;0;240;
732;0;241;
733;0;243;
734;0;245;
735;0;246;
736;0;247;
737;0;249;
738;0;250;
739;0;251;
740;0;251;
741;0;252;
742;0;252;
743;0;252;
744;0;252;
745;0;253;
746;0;252;
747;0;252;
748;0;251;
749;0;251;
750;0;251;
751;0;250;
752;0;248;
753;0;247;
754;0;247;
755;0;245;
756;0;245;
757;0;242;
758;0;242;
759;0;241;
760;0;239;
761;0;238;
762;0;238;
763;0;236;
764;0;235;
765;0;234;
766;0;233;
767;0;232;
768;0;231;
769;0;230;
770;0;228;
771;0;228;
772;0;227;
773;0;227;
774;0;226;
775;0;224;
776;0;224;
777;0;223;
778;0;222;
779;0;222;
780;0;221;
781;0;220;
782;0;220;
783;0;219;
784;0;219;
785;0;219;
786;0;217;
787;0;217;
788;0;216;
789;0;217;
790;0;216;
791;0;216;
792;0;215;
793;0;214;
794;0;214;
795;0;214;
796;0;214;
797;0;214;
798;0;213;
799;0;213;
800;0;212;
801;0;211;
802;0;212;
803;0;211;
804;0;211;
805;0;211;
806;0;211;
807;0;211;
808;0;210;
809;0;211;
810;0;211;
811;0;211;
812;0;211;
813;0;212;
814;0;212;
815;0;211;
816;0;211;
817;0;212;
818;0;213;
819;0;214;
820;0;214;
821;0;213;
822;0;214;
823;0;215;
824;0;215;
825;0;217;
826;0;218;
827;0;218;
828;0;219;
829;0;220;
830;0;221;
831;0;222;
832;0;222;
833;0;224;
834;0;225;
835;0;225;
836;0;227;
837;0;228;
838;0;228;
839;0;230;
840;0;231;
841;0;231;
842;0;233;
843;0;234;
844;0;236;
845;0;237;
846;0;237;
847;0;239;
848;0;240;
849;0;240;
850;0;241;
851;0;242;
852;0;244;
853;0;245;
854;0;246;
855;0;247;
856;0;247;
857;0;248;
858;0;249;
859;0;250;
860;0;250;
861;0;251;
862;0;251;
863;0;251;
864;0;253;
865;0;252;
866;0;252;
867;0;253;
868;0;253;
869;0;253;
870;0;253;
871;0;253;
872;0;253;
873;0;252;
874;0;252;
875;0;252;
876;0;252;
877;0;252;
878;0;251;
879;0;251;
880;0;250;
881;0;251;
882;0;250;
883;0;249;
884;0;249;
885;0;248;
886;0;248;
887;0;248;
888;0;247;
889;0;247;
890;0;246;
891;0;246;
892;0;245;
893;0;245;
894;0;244;
895;0;244;
896;0;243;
897;0;243;
898;0;243;
899;0;242;
900;0;241;
901;0;242;
902;0;241;
903;0;240;
904;0;240;
905;0;240;
906;0;239;
907;0;239;
908;0;238;
909;0;238;
910;0;234;
911;0;233;
912;0;233;
913;0;233;
914;0;232;
915;0;233;
916;0;232;
917;0;232;
918;0;231;
919;0;231;
920;0;230;
921;0;231;
922;0;230;
923;0;231;
924;0;229;
925;0;230;
926;0;230;
927;0;230;
928;0;229;
929;0;228;
930;0;229;
931;0;228;
932;0;228;
933;0;229;
934;0;228;
935;0;228;
936;0;227;
937;0;226;
938;0;227;
939;0;227;
940;0;226;
941;0;226;
942;0;226;
943;0;226;
944;0;226;
945;0;226;
946;0;224;
947;0;224;
948;0;224;
949;0;223;
950;0;224;
951;0;223;
952;0;223;
953;0;223;
954;0;222;
955;0;223;
956;0;222;
957;0;221;
958;0;221;
959;0;221;
960;0;221;
961;0;221;
962;0;220;
963;0;220;
964;0;219;
965;0;219;
966;0;219;
967;0;219;
968;0;218;
969;0;218;
970;0;218;
971;0;217;
972;0;217;
973;0;217;
974;0;216;
975;0;216;
976;0;215;
977;0;215;
978;0;215;
979;0;215;
980;0;213;
981;0;214;
982;0;213;
983;0;213;
984;0;213;
985;0;214;
986;0;212;
987;0;212;
988;0;212;
989;0;211;
990;0;212;
991;0;211;
992;0;210;
993;0;210;
994;0;210;
995;0;210;
996;0;210;
997;0;210;
998;0;209;
999;0;208;
1000;0;208;
1001;0;208;
1002;0;208;
1003;0;208;
1004;0;208;
1005;0;208;
1006;0;207;
1007;0;208;
1008;0;207;
1009;0;207;
1010;0;207;
1011;0;207;
1012;0;207;
1013;0;206;
1014;0;208;
1015;0;207;
1016;0;207;
1017;0;208;
1018;0;208;
1019;0;208;
1020;0;209;
1021;0;209;
1022;0;209;
1023;0;210;
1024;0;211;
1025;0;211;
1026;0;211;
1027;0;212;
1028;0;213;
1029;0;212;
1030;0;212;
1031;0;214;
1032;0;214;
1033;0;214;
1034;0;215;
1035;0;216;
1036;0;215;
1037;0;217;
1038;0;217;
1039;0;217;
1040;0;217;
1041;0;217;
1042;0;218;
1043;0;219;
1044;0;220;
1045;0;220;
1046;0;220;
1047;0;221;
1048;0;221;
1049;0;221;
1050;0;222;
1051;0;222;
1052;0;223;
1053;0;223;
1054;0;225;
1055;0;224;
1056;0;224;
1057;0;225;
1058;0;226;
1059;0;226;
1060;0;226;
1061;0;227;
1062;0;226;
1063;0;227;
1064;0;227;
1065;0;228;
1066;0;228;
1067;0;229;
1068;0;229;
1069;0;229;
1070;0;229;
1071;0;229;
1072;0;230;
1073;0;231;
1074;0;231;
1075;0;231;
1076;0;231;
1077;0;231;
1078;0;231;
1079;0;230;
1080;0;228;
1081;0;225;
1082;0;226;
1083;0;230;
1084;0;225;
1085;0;224;
1086;0;224;
1087;0;223;
1088;0;225;
1089;0;224;
1090;0;224;
1091;0;222;
1092;0;221;
1093;0;220;
1094;0;221;
1095;0;219;
1096;0;220;
1097;0;220;
1098;0;217;
1099;0;218;
1100;0;236;
1101;0;235;
1102;0;235;
1103;0;235;
1104;0;235;
1105;0;234;
1106;0;232;
1107;0;232;
1108;0;232;
1109;0;232;
1110;0;232;
1111;0;230;
1112;0;230;
1113;0;229;
1114;0;229;
1115;0;228;
1116;0;227;
1117;0;227;
1118;0;227;
1119;0;226;
1120;0;225;
1121;0;225;
1122;0;223;
1123;0;223;
1124;0;222;
1125;0;222;
1126;0;221;
1127;0;221;
1128;0;219;
1129;0;219;
1130;0;219;
1131;0;218;
1132;0;218;
1133;0;217;
1134;0;216;
1135;0;216;
1136;0;215;
1137;0;215;
1138;0;214;
1139;0;214;
1140;0;214;
1141;0;214;
1142;0;213;
1143;0;213;
1144;0;213;
1145;0;213;
1146;0;212;
1147;0;212;
1148;0;212;
1149;0;212;
1150;0;212;
1151;0;212;
1152;0;211;
1153;0;211;
1154;0;211;
1155;0;211;
1156;0;211;
1157;0;210;
1158;0;211;
1159;0;211;
1160;0;211;
1161;0;211;
1162;0;211;
1163;0;211;
1164;0;211;
1165;0;211;
1166;0;211;
1167;0;211;
1168;0;211;
1169;0;211;
1170;0;211;
1171;0;211;
1172;0;211;
1173;0;212;
1174;0;212;
1175;0;212;
1176;0;212;
1177;0;212;
1178;0;212;
1179;0;212;
1180;0;213;
1181;0;212;
1182;0;213;
1183;0;213;
1184;0;213;
1185;0;213;
1186;0;214;
1187;0;215;
1188;0;215;
1189;0;215;
1190;0;215;
1191;0;215;
1192;0;215;
1193;0;215;
1194;0;216;
1195;0;216;
1196;0;217;
1197;0;218;
1198;0;218;
1199;0;218;
1200;0;219;
1201;0;219;
1202;0;219;
1203;0;220;
1204;0;220;
1205;0;221;
1206;0;221;
1207;0;222;
1208;0;222;
1209;0;223;
1210;0;223;
1211;0;223;
1212;0;225;
1213;0;225;
1214;0;225;
1215;0;225;
1216;0;226;
1217;0;227;
1218;0;227;
1219;0;228;
1220;0;228;
1221;0;229;
1222;0;229;
1223;0;230;
1224;0;230;
1225;0;229;
1226;0;231;
1227;0;232;
1228;0;232;
1229;0;232;
1230;0;233;
1231;0;232;
1232;0;233;
1233;0;234;
1234;0;234;
1235;0;234;
1236;0;235;
1237;0;235;
1238;0;235;
1239;0;235;
1240;0;236;
1241;0;236;
1242;0;236;
1243;0;236;
1244;0;237;
1245;0;237;
1246;0;237;
1247;0;238;
1248;0;237;
1249;0;237;
1250;0;239;
1251;0;238;
1252;0;239;
1253;0;239;
1254;0;239;
1255;0;239;
1256;0;239;
1257;0;240;
1258;0;240;
1259;0;240;
1260;0;240;
1261;0;240;
1262;0;241;
1263;0;242;
1264;0;240;
1265;0;242;
1266;0;242;
1267;0;243;
1268;0;242;
1269;0;243;
1270;0;243;
1271;0;243;
1272;0;243;
1273;0;244;
1274;0;243;
1275;0;243;
1276;0;244;
1277;0;244;
1278;0;243;
1279;0;244;
1280;0;244;
1281;0;244;
1282;0;244;
1283;0;244;
1284;0;244;
1285;0;244;
1286;0;244;
1287;0;244;
1288;0;244;
1289;0;244;
1290;0;244;
1291;0;243;
1292;0;244;
1293;0;243;
1294;0;243;
1295;0;243;
1296;0;243;
1297;0;243;
1298;0;242;
1299;0;242;
1300;0;242;
1301;0;241;
1302;0;242;
1303;0;241;
1304;0;241;
1305;0;240;
1306;0;240;
1307;0;240;
1308;0;240;
1309;0;239;
1310;0;239;
1311;0;240;
1312;0;239;
1313;0;238;
1314;0;239;
1315;0;238;
1316;0;238;
1317;0;238;
1318;0;238;
1319;0;238;
1320;0;236;
1321;0;237;
1322;0;236;
1323;0;236;
1324;0;236;
1325;0;236;
1326;0;235;
1327;0;235;
1328;0;236;
1329;0;235;
1330;0;235;
1331;0;235;
1332;0;235;
1333;0;235;
1334;0;235;
1335;0;235;
1336;0;234;
1337;0;234;
1338;0;234;
1339;0;234;
1340;0;234;
1341;0;234;
1342;0;234;
1343;0;234;
1344;0;234;
1345;0;234;
1346;0;234;
1347;0;234;
1348;0;234;
1349;0;233;
1350;0;233;
1351;0;234;
1352;0;234;
1353;0;234;
1354;0;235;
1355;0;235;
1356;0;235;
1357;0;235;
1358;0;235;
1359;0;235;
1360;0;235;
1361;0;236;
1362;0;236;
1363;0;236;
1364;0;236;
1365;0;236;
1366;0;237;
1367;0;237;
1368;0;238;
1369;0;237;
1370;0;237;
1371;0;238;
1372;0;238;
1373;0;238;
1374;0;239;
1375;0;240;
1376;0;238;
1377;0;239;
1378;0;240;
1379;0;240;
1380;0;240;
1381;0;240;
1382;0;241;
1383;0;241;
1384;0;241;
1385;0;241;
1386;0;241;
1387;0;242;
1388;0;243;
1389;0;242;
1390;0;242;
1391;0;242;
1392;0;242;
1393;0;243;
1394;0;243;
1395;0;243;
1396;0;243;
1397;0;243;
1398;0;244;
1399;0;243;
1400;0;243;
1401;0;244;
1402;0;243;
1403;0;244;
1404;0;244;
1405;0;245;
1406;0;245;
1407;0;245;
1408;0;245;
1409;0;246;
1410;0;245;
1411;0;245;
1412;0;246;
1413;0;245;
1414;0;245;
1415;0;246;
1416;0;247;
1417;0;246;
1418;0;246;
1419;0;247;
1420;0;247;
1421;0;247;
1422;0;237;
1423;0;236;
1424;0;237;
1425;0;237;
1426;0;238;
1427;0;239;
1428;0;239;
1429;0;239;
1430;0;239;
1431;0;239;
1432;0;239;
1433;0;239;
1434;0;239;
1435;0;240;
1436;0;239;
1437;0;240;
1438;0;240;
1439;0;240;
1440;0;241;
1441;0;241;
1442;0;242;
1443;0;241;
1444;0;241;
1445;0;242;
1446;0;242;
1447;0;242;
1448;0;243;
1449;0;242;
1450;0;242;
1451;0;243;
1452;0;243;
1453;0;243;
1454;0;243;
1455;0;243;
1456;0;244;
1457;0;243;
1458;0;244;
1459;0;244;
1460;0;244;
1461;0;244;
1462;0;244;
1463;0;245;
1464;0;245;
1465;0;245;
1466;0;245;
1467;0;245;
1468;0;245;
1469;0;245;
1470;0;244;
1471;0;246;
1472;0;245;
1473;0;246;
1474;0;245;
1475;0;245;
1476;0;245;
1477;0;246;
1478;0;246;
1479;0;246;
1480;0;246;
1481;0;246;
1482;0;245;
1483;0;246;
1484;0;246;
1485;0;246;
1486;0;246;
1487;0;246;
1488;0;246;
1489;0;245;
1490;0;246;
1491;0;247;
1492;0;246;
1493;0;245;
1494;0;246;
1495;0;247;
1496;0;246;
1497;0;246;
1498;0;247;
1499;0;247;
1500;0;246;
1501;0;246;
1502;0;246;
1503;0;246;
1504;0;247;
1505;0;247;
1506;0;246;
1507;0;246;
1508;0;247;
1509;0;247;
1510;0;246;
1511;0;247;
1512;0;246;
1513;0;247;
1514;0;248;
1515;0;248;
1516;0;247;
1517;0;248;
1518;0;248;
1519;0;248;
1520;0;248;
1521;0;248;
1522;0;247;
1523;0;248;
1524;0;248;
1525;0;249;
1526;0;248;
1527;0;249;
1528;0;249;
1529;0;249;
1530;0;249;
1531;0;250;
1532;0;249;
1533;0;250;
1534;0;251;
1535;0;250;
1536;0;250;
1537;0;251;
1538;0;251;
1539;0;251;
1540;0;251;
1541;0;251;
1542;0;251;
1543;0;251;
1544;0;251;
1545;0;252;
1546;0;251;
1547;0;251;
1548;0;253;
1549;0;252;
1550;0;252;
1551;0;252;
1552;0;252;
1553;0;252;
1554;0;252;
1555;0;253;
1556;0;252;
1557;0;252;
1558;0;252;
1559;0;253;
1560;0;252;
1561;0;253;
1562;0;252;
1563;0;253;
1564;0;252;
1565;0;253;
1566;0;252;
1567;0;253;
1568;0;253;
1569;0;252;
1570;0;252;
1571;0;252;
1572;0;252;
1573;0;252;
1574;0;251;
1575;0;251;
1576;0;251;
1577;0;251;
1578;0;252;
1579;0;251;
1580;0;251;
1581;0;251;
1582;0;250;
1583;0;250;
1584;0;250;
1585;0;250;
1586;0;249;
1587;0;250;
1588;0;250;
1589;0;249;
1590;0;249;
1591;0;249;
1592;0;249;
1593;0;248;
1594;0;249;
1595;0;247;
1596;0;248;
1597;0;247;
1598;0;247;
1599;0;246;
1600;0;246;
1601;0;247;
1602;0;246;
1603;0;245;
1604;0;245;
1605;0;245;
1606;0;245;
1607;0;244;
1608;0;244;
1609;0;244;
1610;0;243;
1611;0;244;
1612;0;243;
1613;0;242;
1614;0;242;
1615;0;241;
1616;0;241;
1617;0;242;
1618;0;241;
1619;0;240;
1620;0;240;
1621;0;241;
1622;0;239;
1623;0;239;
1624;0;239;
1625;0;239;
1626;0;238;
1627;0;239;
1628;0;238;
1629;0;237;
1630;0;237;
1631;0;237;
1632;0;237;
1633;0;236;
1634;0;235;
1635;0;236;
1636;0;236;
1637;0;235;
1638;0;235;
1639;0;234;
1640;0;234;
1641;0;234;
1642;0;234;
1643;0;234;
1644;0;234;
1645;0;233;
1646;0;232;
1647;0;232;
1648;0;232;
1649;0;232;
1650;0;232;
1651;0;232;
1652;0;231;
1653;0;231;
1654;0;231;
1655;0;231;
1656;0;231;
1657;0;230;
1658;0;231;
1659;0;230;
1660;0;230;
1661;0;230;
1662;0;229;
1663;0;229;
1664;0;229;
1665;0;229;
1666;0;229;
1667;0;229;
1668;0;228;
1669;0;229;
1670;0;229;
1671;0;229;
1672;0;229;
1673;0;229;
1674;0;229;
1675;0;228;
1676;0;228;
1677;0;229;
1678;0;229;
1679;0;229;
1680;0;230;
1681;0;229;
1682;0;230;
1683;0;230;
1684;0;231;
1685;0;231;
1686;0;230;
1687;0;231;
1688;0;232;
1689;0;232;
1690;0;232;
1691;0;234;
1692;0;234;
1693;0;234;
1694;0;235;
1695;0;235;
1696;0;235;
1697;0;236;
1698;0;236;
1699;0;237;
1700;0;237;
1701;0;238;
1702;0;239;
1703;0;239;
1704;0;240;
1705;0;240;
1706;0;241;
1707;0;242;
1708;0;242;
1709;0;243;
1710;0;243;
1711;0;244;
1712;0;244;
1713;0;245;
1714;0;246;
1715;0;246;
1716;0;247;
1717;0;248;
1718;0;248;
1719;0;248;
1720;0;249;
1721;0;250;
1722;0;250;
1723;0;251;
1724;0;251;
1725;0;251;
1726;0;252;
1727;0;253;
1728;0;252;
1729;0;253;
1730;0;254;
1731;0;254;
1732;0;255;
1733;0;256;
1734;0;257;
1735;0;256;
1736;0;257;
1737;0;258;
1738;0;259;
1739;0;258;
1740;0;259;
1741;0;260;
1742;0;260;
1743;0;260;
1744;0;261;
1745;0;262;
1746;0;262;
1747;0;262;
1748;0;264;
1749;0;263;
1750;0;263;
1751;0;265;
1752;0;265;
1753;0;265;
1754;0;266;
1755;0;267;
1756;0;267;
1757;0;267;
1758;0;269;
1759;0;269;
1760;0;270;
1761;0;270;
1762;0;270;
1763;0;271;
1764;0;272;
1765;0;272;
1766;0;273;
1767;0;273;
1768;0;274;
1769;0;274;
1770;0;275;
1771;0;276;
1772;0;276;
1773;0;277;
1774;0;277;
1775;0;277;
1776;0;278;
1777;0;279;
1778;0;280;
1779;0;280;
1780;0;281;
1781;0;282;
1782;0;282;
1783;0;283;
1784;0;283;
1785;0;284;
1786;0;284;
1787;0;285;
1788;0;285;
1789;0;286;
1790;0;287;
1791;0;288;
1792;0;288;
1793;0;289;
1794;0;290;
1795;0;290;
1796;0;291;
1797;0;292;
1798;0;293;
1799;0;292;
1800;0;293;
1801;0;294;
1802;0;294;
1803;0;295;
1804;0;295;
1805;0;298;
1806;0;296;
1807;0;297;
1808;0;299;
1809;0;299;
1810;0;299;
1811;0;300;
1812;0;300;
1813;0;300;
1814;0;301;
1815;0;302;
1816;0;302;
1817;0;302;
1818;0;303;
1819;0;304;
1820;0;303;
1821;0;304;
1822;0;304;
1823;0;304;
1824;0;305;
1825;0;305;
1826;0;305;
1827;0;306;
1828;0;306;
1829;0;306;
1830;0;307;
1831;0;307;
1832;0;307;
1833;0;308;
1834;0;309;
1835;0;308;
1836;0;308;
1837;0;309;
1838;0;309;
1839;0;309;
1840;0;309;
1841;0;309;
1842;0;309;
1843;0;309;
1844;0;310;
1845;0;309;
1846;0;309;
1847;0;309;
1848;0;309;
1849;0;309;
1850;0;309;
1851;0;309;
1852;0;309;
1853;0;308;
1854;0;309;
1855;0;308;
1856;0;308;
1857;0;309;
1858;0;308;
1859;0;308;
1860;0;307;
1861;0;307;
1862;0;307;
1863;0;307;
1864;0;306;
1865;0;306;
1866;0;306;
1867;0;305;
1868;0;306;
1869;0;304;
1870;0;304;
1871;0;305;
1872;0;303;
1873;0;303;
1874;0;303;
1875;0;302;
1876;0;302;
1877;0;302;
1878;0;301;
1879;0;300;
1880;0;300;
1881;0;300;
1882;0;299;
1883;0;298;
1884;0;298;
1885;0;297;
1886;0;296;
1887;0;296;
1888;0;296;
1889;0;295;
1890;0;294;
1891;0;293;
1892;0;293;
1893;0;292;
1894;0;291;
1895;0;290;
1896;0;290;
1897;0;289;
1898;0;288;
1899;0;288;
1900;0;286;
1901;0;286;
1902;0;285;
1903;0;284;
1904;0;283;
1905;0;283;
1906;0;282;
1907;0;281;
1908;0;281;
1909;0;279;
1910;0;279;
1911;0;278;
1912;0;277;
1913;0;276;
1914;0;275;
1915;0;276;
1916;0;274;
1917;0;273;
1918;0;273;
1919;0;272;
1920;0;270;
1921;0;269;
1922;0;269;
1923;0;268;
1924;0;267;
1925;0;267;
1926;0;265;
1927;0;264;
1928;0;263;
1929;0;264;
1930;0;262;
1931;0;261;
1932;0;261;
1933;0;259;
1934;0;258;
1935;0;258;
1936;0;257;
1937;0;256;
1938;0;256;
1939;0;254;
1940;0;253;
1941;0;253;
1942;0;252;
1943;0;251;
1944;0;251;
1945;0;250;
1946;0;249;
1947;0;248;
1948;0;247;
1949;0;247;
1950;0;246;
1951;0;246;
1952;0;244;
1953;0;243;
1954;0;242;
1955;0;243;
1956;0;241;
1957;0;240;
1958;0;240;
1959;0;239;
1960;0;238;
1961;0;238;
1962;0;237;
1963;0;236;
1964;0;236;
1965;0;236;
1966;0;235;
1967;0;233;
1968;0;234;
1969;0;232;
1970;0;232;
1971;0;231;
1972;0;231;
1973;0;231;
1974;0;229;
1975;0;230;
1976;0;228;
1977;0;228;
1978;0;228;
1979;0;227;
1980;0;227;
1981;0;226;
1982;0;225;
1983;0;225;
1984;0;225;
1985;0;225;
1986;0;224;
1987;0;223;
1988;0;223;
1989;0;222;
1990;0;222;
1991;0;222;
1992;0;221;
1993;0;220;
1994;0;220;
1995;0;221;
1996;0;220;
1997;0;219;
1998;0;219;
1999;0;219;
2000;0;218;
2001;0;218;
2002;0;219;
2003;0;218;
2004;0;218;
2005;0;217;
2006;0;217;
2007;0;216;
2008;0;216;
2009;0;217;
2010;0;216;
2011;0;215;
2012;0;215;
2013;0;216;
2014;0;215;
2015;0;215;
2016;0;215;
2017;0;215;
2018;0;215;
2019;0;214;
2020;0;214;
2021;0;214;
2022;0;214;
2023;0;214;
2024;0;213;
2025;0;214;
2026;0;213;
2027;0;213;
2028;0;214;
2029;0;214;
2030;0;213;
2031;0;214;
2032;0;214;
2033;0;214;
2034;0;214;
2035;0;214;
2036;0;213;
2037;0;215;
2038;0;214;
2039;0;214;
2040;0;215;
2041;0;214;
2042;0;214;
2043;0;214;
2044;0;214;
2045;0;214;
2046;0;215;
2047;0;215;
2048;0;214;
2049;0;215;
2050;0;215;
2051;0;214;
2052;0;215;
2053;0;216;
2054;0;215;
2055;0;215;
2056;0;216;
2057;0;216;
2058;0;215;
2059;0;216;
2060;0;217;
2061;0;216;
2062;0;217;
2063;0;217;
2064;0;217;
2065;0;217;
2066;0;217;
2067;0;217;
2068;0;218;
2069;0;218;
2070;0;219;
2071;0;219;
2072;0;218;
2073;0;220;
2074;0;221;
2075;0;220;
2076;0;220;
2077;0;220;
2078;0;221;
2079;0;221;
2080;0;222;
2081;0;222;
2082;0;222;
2083;0;222;
2084;0;223;
2085;0;223;
2086;0;223;
2087;0;224;
2088;0;224;
2089;0;224;
2090;0;225;
2091;0;226;
2092;0;226;
2093;0;226;
2094;0;227;
2095;0;227;
2096;0;228;
2097;0;228;
2098;0;228;
2099;0;229;
2100;0;229;
2101;0;230;
2102;0;231;
2103;0;231;
2104;0;232;
2105;0;232;
2106;0;234;
2107;0;234;
2108;0;234;
2109;0;236;
2110;0;236;
2111;0;236;
2112;0;238;
2113;0;238;
2114;0;238;
2115;0;238;
2116;0;240;
2117;0;241;
2118;0;241;
2119;0;243;
2120;0;242;
2121;0;243;
2122;0;244;
2123;0;244;
2124;0;245;
2125;0;247;
2126;0;247;
2127;0;248;
2128;0;249;
2129;0;250;
2130;0;251;
2131;0;252;
2132;0;251;
2133;0;251;
2134;0;253;
2135;0;254;
2136;0;254;
2137;0;256;
2138;0;257;
2139;0;257;
2140;0;259;
2141;0;263;
2142;0;266;
2143;0;267;
2144;0;268;
2145;0;274;
2146;0;277;
2147;0;282;
2148;0;289;
2149;0;294;
2150;0;298;
2151;0;297;
2152;0;302;
2153;0;302;
2154;0;308;
2155;0;307;
2156;0;304;
2157;0;305;
2158;0;315;
2159;0;328;
2160;0;327;
2161;0;312;
2162;0;333;
2163;0;325;
2164;0;332;
2165;0;327;
2166;0;321;
2167;0;331;
2168;0;333;
2169;0;333;
2170;0;333;
2171;0;328;
2172;0;334;
2173;0;334;
2174;0;333;
2175;0;334;
2176;0;332;
2177;0;333;
2178;0;334;
2179;0;333;
2180;0;333;
2181;0;333;
2182;0;333;
2183;0;332;
2184;0;332;
2185;0;332;
2186;0;332;
2187;0;330;
2188;0;332;
2189;0;330;
2190;0;330;
2191;0;329;
2192;0;331;
2193;0;328;
2194;0;329;
2195;0;327;
2196;0;324;
2197;0;325;
2198;0;326;
2199;0;326;
2200;0;322;
2201;0;322;
2202;0;324;
2203;0;324;
2204;0;325;
2205;0;325;
2206;0;326;
2207;0;326;
2208;0;327;
2209;0;327;
2210;0;328;
2211;0;328;
2212;0;329;
2213;0;329;
2214;0;330;
2215;0;330;
2216;0;330;
2217;0;331;
2218;0;330;
2219;0;330;
2220;0;331;
2221;0;330;
2222;0;330;
2223;0;331;
2224;0;330;
2225;0;330;
2226;0;330;
2227;0;330;
2228;0;330;
2229;0;329;
2230;0;328;
2231;0;329;
2232;0;327;
2233;0;328;
2234;0;327;
2235;0;326;
2236;0;325;
2237;0;325;
2238;0;324;
2239;0;323;
2240;0;322;
2241;0;323;
2242;0;321;
2243;0;320;
2244;0;320;
2245;0;319;
2246;0;318;
2247;0;317;
2248;0;316;
2249;0;314;
2250;0;313;
2251;0;313;
2252;0;312;
2253;0;311;
2254;0;310;
2255;0;309;
2256;0;307;
2257;0;306;
2258;0;306;
2259;0;304;
2260;0;303;
2261;0;303;
2262;0;301;
2263;0;300;
2264;0;299;
2265;0;298;
2266;0;297;
2267;0;295;
2268;0;294;
2269;0;294;
2270;0;292;
2271;0;290;
2272;0;289;
2273;0;289;
2274;0;287;
2275;0;286;
2276;0;284;
2277;0;283;
2278;0;282;
2279;0;281;
2280;0;280;
2281;0;278;
2282;0;278;
2283;0;276;
2284;0;275;
2285;0;274;
2286;0;273;
2287;0;272;
2288;0;270;
2289;0;269;
2290;0;268;
2291;0;267;
2292;0;266;
2293;0;265;
2294;0;263;
2295;0;262;
2296;0;261;
2297;0;259;
2298;0;259;
2299;0;259;
2300;0;257;
2301;0;256;
2302;0;255;
2303;0;254;
2304;0;252;
2305;0;251;
2306;0;250;
2307;0;250;
2308;0;248;
2309;0;247;
2310;0;246;
2311;0;246;
2312;0;244;
2313;0;243;
2314;0;242;
2315;0;241;
2316;0;240;
2317;0;240;
2318;0;238;
2319;0;237;
2320;0;236;
2321;0;236;
2322;0;234;
2323;0;233;
2324;0;232;
2325;0;231;
2326;0;231;
2327;0;230;
2328;0;229;
2329;0;228;
2330;0;228;
2331;0;226;
2332;0;225;
2333;0;225;
2334;0;225;
2335;0;223;
2336;0;222;
2337;0;222;
2338;0;220;
2339;0;220;
2340;0;219;
2341;0;219;
2342;0;218;
2343;0;217;
2344;0;216;
2345;0;216;
2346;0;215;
2347;0;214;
2348;0;214;
2349;0;213;
2350;0;213;
2351;0;212;
2352;0;211;
2353;0;211;
2354;0;210;
2355;0;209;
2356;0;208;
2357;0;209;
2358;0;208;
2359;0;207;
2360;0;207;
2361;0;206;
2362;0;205;
2363;0;205;
2364;0;205;
2365;0;204;
2366;0;204;
2367;0;203;
2368;0;203;
2369;0;202;
2370;0;202;
2371;0;202;
2372;0;200;
2373;0;200;
2374;0;200;
2375;0;199;
2376;0;198;
2377;0;198;
2378;0;198;
2379;0;197;
2380;0;197;
2381;0;197;
2382;0;197;
2383;0;196;
2384;0;196;
2385;0;196;
2386;0;195;
2387;0;195;
2388;0;195;
2389;0;196;
2390;0;195;
2391;0;194;
2392;0;194;
2393;0;195;
2394;0;193;
2395;0;193;
2396;0;194;
2397;0;194;
2398;0;193;
2399;0;193;
2400;0;193;
2401;0;193;
2402;0;193;
2403;0;192;
2404;0;192;
2405;0;193;
2406;0;192;
2407;0;192;
2408;0;192;
2409;0;191;
2410;0;192;
2411;0;193;
2412;0;192;
2413;0;191;
2414;0;192;
2415;0;193;
2416;0;192;
2417;0;192;
2418;0;192;
2419;0;192;
2420;0;192;
2421;0;192;
2422;0;192;
2423;0;192;
2424;0;193;
2425;0;193;
2426;0;192;
2427;0;192;
2428;0;193;
2429;0;193;
2430;0;193;
2431;0;193;
2432;0;194;
2433;0;194;
2434;0;193;
2435;0;194;
2436;0;194;
2437;0;194;
2438;0;194;
2439;0;194;
2440;0;195;
2441;0;195;
2442;0;195;
2443;0;195;
2444;0;196;
2445;0;196;
2446;0;197;
2447;0;197;
2448;0;196;
2449;0;197;
2450;0;198;
2451;0;198;
2452;0;198;
2453;0;199;
2454;0;199;
2455;0;200;
2456;0;200;
2457;0;199;
2458;0;201;
2459;0;201;
2460;0;202;
2461;0;202;
2462;0;202;
2463;0;203;
2464;0;203;
2465;0;205;
2466;0;204;
2467;0;205;
2468;0;205;
2469;0;206;
2470;0;206;
2471;0;206;
2472;0;208;
2473;0;208;
2474;0;208;
2475;0;209;
2476;0;210;
2477;0;210;
2478;0;211;
2479;0;211;
2480;0;212;
2481;0;212;
2482;0;214;
2483;0;214;
2484;0;215;
2485;0;216;
2486;0;216;
2487;0;217;
2488;0;217;
2489;0;218;
2490;0;219;
2491;0;219;
2492;0;220;
2493;0;221;
2494;0;222;
2495;0;222;
2496;0;222;
2497;0;224;
2498;0;225;
2499;0;224;
2500;0;226;
2501;0;227;
2502;0;227;
2503;0;228;
2504;0;230;
2505;0;231;
2506;0;231;
2507;0;231;
2508;0;233;
2509;0;233;
2510;0;234;
2511;0;235;
2512;0;236;
2513;0;237;
2514;0;237;
2515;0;239;
2516;0;239;
2517;0;240;
2518;0;241;
2519;0;241;
2520;0;242;
2521;0;243;
2522;0;244;
2523;0;244;
2524;0;245;
2525;0;246;
2526;0;247;
2527;0;248;
2528;0;248;
2529;0;250;
2530;0;250;
2531;0;251;
2532;0;251;
2533;0;252;
2534;0;253;
2535;0;254;
2536;0;255;
2537;0;255;
2538;0;256;
2539;0;257;
2540;0;257;
2541;0;257;
2542;0;258;
2543;0;259;
2544;0;259;
2545;0;260;
2546;0;260;
2547;0;261;
2548;0;262;
2549;0;262;
2550;0;263;
2551;0;262;
2552;0;263;
2553;0;264;
2554;0;264;
2555;0;264;
2556;0;266;
2557;0;266;
2558;0;266;
2559;0;267;
2560;0;267;
2561;0;268;
2562;0;267;
2563;0;268;
2564;0;269;
2565;0;268;
2566;0;268;
2567;0;269;
2568;0;269;
2569;0;269;
2570;0;269;
2571;0;269;
2572;0;269;
2573;0;269;
2574;0;270;
2575;0;269;
2576;0;269;
2577;0;270;
2578;0;270;
2579;0;270;
2580;0;270;
2581;0;270;
2582;0;269;
2583;0;269;
2584;0;269;
2585;0;270;
2586;0;269;
2587;0;269;
2588;0;269;
2589;0;269;
2590;0;268;
2591;0;268;
2592;0;267;
2593;0;268;
2594;0;268;
2595;0;266;
2596;0;266;
2597;0;267;
2598;0;266;
2599;0;265;
2600;0;265;
2601;0;264;
2602;0;264;
2603;0;264;
2604;0;264;
2605;0;263;
2606;0;262;
2607;0;262;
2608;0;262;
2609;0;262;
2610;0;261;
2611;0;259;
2612;0;259;
2613;0;259;
2614;0;258;
2615;0;258;
2616;0;257;
2617;0;257;
2618;0;257;
2619;0;255;
2620;0;254;
2621;0;254;
2622;0;253;
2623;0;252;
2624;0;252;
2625;0;251;
2626;0;250;
2627;0;250;
2628;0;249;
2629;0;248;
2630;0;248;
2631;0;247;
2632;0;246;
2633;0;245;
2634;0;245;
2635;0;244;
2636;0;244;
2637;0;243;
2638;0;242;
2639;0;242;
2640;0;240;
2641;0;240;
2642;0;239;
2643;0;239;
2644;0;237;
2645;0;237;
2646;0;237;
2647;0;235;
2648;0;234;
2649;0;234;
2650;0;233;
2651;0;232;
2652;0;232;
2653;0;231;
2654;0;230;
2655;0;229;
2656;0;229;
2657;0;229;
2658;0;227;
2659;0;226;
2660;0;226;
2661;0;226;
2662;0;224;
2663;0;224;
2664;0;224;
2665;0;222;
2666;0;222;
2667;0;221;
2668;0;220;
2669;0;220;
2670;0;219;
2671;0;218;
2672;0;218;
2673;0;216;
2674;0;216;
2675;0;215;
2676;0;215;
2677;0;214;
2678;0;214;
2679;0;212;
2680;0;209;
2681;0;208;
2682;0;208;
2683;0;206;
2684;0;206;
2685;0;206;
2686;0;205;
2687;0;206;
2688;0;207;
2689;0;207;
2690;0;206;
2691;0;205;
2692;0;205;
2693;0;204;
2694;0;203;
2695;0;203;
2696;0;202;
2697;0;201;
2698;0;201;
2699;0;201;
2700;0;200;
2701;0;200;
2702;0;199;
2703;0;198;
2704;0;197;
2705;0;198;
2706;0;196;
2707;0;197;
2708;0;196;
2709;0;195;
2710;0;195;
2711;0;195;
2712;0;194;
2713;0;193;
2714;0;193;
2715;0;193;
2716;0;192;
2717;0;191;
2718;0;191;
2719;0;191;
2720;0;191;
2721;0;190;
2722;0;190;
2723;0;189;
2724;0;189;
2725;0;188;
2726;0;188;
2727;0;188;
2728;0;188;
2729;0;187;
2730;0;187;
2731;0;186;
2732;0;186;
2733;0;185;
2734;0;185;
2735;0;185;
2736;0;184;
2737;0;184;
2738;0;184;
2739;0;183;
2740;0;183;
2741;0;183;
2742;0;182;
2743;0;182;
2744;0;182;
2745;0;181;
2746;0;181;
2747;0;180;
2748;0;181;
2749;0;180;
2750;0;179;
2751;0;180;
2752;0;179;
2753;0;179;
2754;0;178;
2755;0;178;
2756;0;178;
2757;0;177;
2758;0;177;
2759;0;178;
2760;0;176;
2761;0;177;
2762;0;176;
2763;0;175;
2764;0;176;
2765;0;176;
2766;0;175;
2767;0;175;
2768;0;175;
2769;0;174;
2770;0;174;
2771;0;174;
2772;0;174;
2773;0;173;
2774;0;173;
2775;0;173;
2776;0;173;
2777;0;172;
2778;0;172;
2779;0;172;
2780;0;171;
2781;0;171;
2782;0;171;
2783;0;170;
2784;0;170;
2785;0;170;
2786;0;170;
2787;0;169;
2788;0;169;
2789;0;169;
2790;0;169;
2791;0;169;
2792;0;169;
2793;0;168;
2794;0;168;
2795;0;168;
2796;0;167;
2797;0;166;
2798;0;167;
2799;0;167;
2800;0;166;
2801;0;166;
2802;0;166;
2803;0;165;
2804;0;165;
2805;0;165;
2806;0;166;
2807;0;164;
2808;0;164;
2809;0;164;
2810;0;164;
2811;0;164;
2812;0;163;
2813;0;164;
2814;0;163;
2815;0;163;
2816;0;163;
2817;0;162;
2818;0;162;
2819;0;161;
2820;0;162;
2821;0;161;
2822;0;160;
2823;0;161;
2824;0;161;
2825;0;160;
2826;0;159;
2827;0;159;
2828;0;159;
2829;0;159;
2830;0;158;
2831;0;158;
2832;0;159;
2833;0;159;
2834;0;158;
2835;0;158;
2836;0;157;
2837;0;157;
2838;0;156;
2839;0;156;
2840;0;157;
2841;0;156;
2842;0;156;
2843;0;156;
2844;0;155;
2845;0;154;
2846;0;154;
2847;0;154;
2848;0;153;
2849;0;154;
2850;0;153;
2851;0;153;
2852;0;153;
2853;0;152;
2854;0;152;
2855;0;152;
2856;0;152;
2857;0;151;
2858;0;151;
2859;0;151;
2860;0;151;
2861;0;150;
2862;0;150;
2863;0;150;
2864;0;149;
2865;0;149;
2866;0;149;
2867;0;148;
2868;0;148;
2869;0;148;
2870;0;147;
2871;0;147;
2872;0;147;
2873;0;147;
2874;0;146;
2875;0;146;
2876;0;145;
2877;0;145;
2878;0;145;
2879;0;144;
2880;0;144;
2881;0;144;
2882;0;143;
2883;0;144;
2884;0;143;
2885;0;142;
2886;0;142;
2887;0;142;
2888;0;142;
2889;0;141;
2890;0;141;
2891;0;141;
2892;0;140;
2893;0;140;
2894;0;139;
2895;0;138;
2896;0;139;
2897;0;138;
2898;0;138;
2899;0;137;
2900;0;138;
2901;0;137;
2902;0;137;
2903;0;136;
2904;0;136;
2905;0;136;
2906;0;136;
2907;0;135;
2908;0;134;
2909;0;134;
2910;0;134;
2911;0;133;
2912;0;133;
2913;0;133;
2914;0;132;
2915;0;132;
2916;0;132;
2917;0;132;
2918;0;131;
2919;0;131;
2920;0;130;
2921;0;130;
2922;0;129;
2923;0;130;
2924;0;129;
2925;0;128;
2926;0;128;
2927;0;128;
2928;0;128;
2929;0;127;
2930;0;127;
2931;0;126;
2932;0;126;
2933;0;125;
2934;0;126;
2935;0;125;
2936;0;125;
2937;0;125;
2938;0;124;
2939;0;125;
2940;0;123;
2941;0;123;
2942;0;123;
2943;0;123;
2944;0;122;
2945;0;122;
2946;0;122;
2947;0;122;
2948;0;121;
2949;0;121;
2950;0;121;
2951;0;120;
2952;0;120;
2953;0;120;
2954;0;119;
2955;0;120;
2956;0;119;
2957;0;118;
2958;0;118;
2959;0;118;
2960;0;117;
2961;0;118;
2962;0;117;
2963;0;116;
2964;0;117;
2965;0;116;
2966;0;116;
2967;0;116;
2968;0;115;
2969;0;115;
2970;0;114;
2971;0;114;
2972;0;115;
2973;0;114;
2974;0;114;
2975;0;113;
2976;0;113;
2977;0;113;
2978;0;112;
2979;0;112;
2980;0;111;
2981;0;112;
2982;0;112;
2983;0;112;
2984;0;112;
2985;0;110;
2986;0;110;
2987;0;111;
2988;0;111;
2989;0;110;
2990;0;110;
2991;0;110;
2992;0;109;
2993;0;110;
2994;0;109;
2995;0;109;
2996;0;108;
2997;0;109;
2998;0;108;
2999;0;108;
3000;0;108;
3001;0;108;
3002;0;108;
3003;0;108;
3004;0;107;
3005;0;107;
3006;0;107;
3007;0;107;
3008;0;107;
3009;0;106;
3010;0;107;
3011;0;105;
3012;0;106;
3013;0;105;
3014;0;106;
3015;0;105;
3016;0;105;
3017;0;106;
3018;0;105;
3019;0;105;
3020;0;105;
3021;0;106;
3022;0;104;
3023;0;104;
3024;0;104;
3025;0;105;
3026;0;104;
3027;0;105;
3028;0;104;
3029;0;104;
3030;0;104;
3031;0;104;
3032;0;104;
3033;0;103;
3034;0;104;
3035;0;104;
3036;0;104;
3037;0;104;
3038;0;104;
3039;0;103;
3040;0;104;
3041;0;103;
3042;0;103;
3043;0;103;
3044;0;103;
3045;0;102;
3046;0;103;
3047;0;103;
3048;0;103;
3049;0;103;
3050;0;103;
3051;0;103;
3052;0;103;
3053;0;103;
3054;0;104;
3055;0;103;
3056;0;103;
3057;0;103;
3058;0;102;
3059;0;103;
3060;0;102;
3061;0;103;
3062;0;102;
3063;0;102;
3064;0;103;
3065;0;103;
3066;0;103;
3067;0;104;
3068;0;103;
3069;0;104;
3070;0;103;
3071;0;103;
3072;0;103;
3073;0;103;
3074;0;103;
3075;0;104;
3076;0;104;
3077;0;103;
3078;0;104;
3079;0;104;
3080;0;103;
3081;0;104;
3082;0;104;
3083;0;104;
3084;0;104;
3085;0;104;
3086;0;104;
3087;0;104;
3088;0;103;
3089;0;103;
3090;0;104;
3091;0;104;
3092;0;104;
3093;0;104;
3094;0;104;
3095;0;105;
3096;0;105;
3097;0;105;
3098;0;104;
3099;0;104;
3100;0;104;
3101;0;105;
3102;0;105;
3103;0;105;
3104;0;105;
3105;0;105;
3106;0;105;
3107;0;105;
3108;0;105;
3109;0;106;
3110;0;106;
3111;0;106;
3112;0;106;
3113;0;106;
3114;0;106;
3115;0;107;
3116;0;107;
3117;0;107;
3118;0;107;
3119;0;107;
3120;0;107;
3121;0;107;
3122;0;107;
3123;0;107;
3124;0;108;
3125;0;107;
3126;0;108;
3127;0;108;
3128;0;108;
3129;0;108;
3130;0;108;
3131;0;108;
3132;0;109;
3133;0;109;
3134;0;109;
3135;0;109;
3136;0;109;
3137;0;109;
3138;0;109;
3139;0;109;
3140;0;110;
3141;0;109;
3142;0;109;
3143;0;109;
3144;0;110;
3145;0;110;
3146;0;109;
3147;0;109;
3148;0;110;
3149;0;109;
3150;0;110;
3151;0;110;
3152;0;110;
3153;0;110;
3154;0;110;
3155;0;111;
3156;0;112;
3157;0;111;
3158;0;111;
3159;0;110;
3160;0;111;
3161;0;111;
3162;0;111;
3163;0;111;
3164;0;111;
3165;0;111;
3166;0;113;
3167;0;111;
3168;0;111;
3169;0;111;
3170;0;112;
3171;0;111;
3172;0;111;
3173;0;112;
3174;0;111;
3175;0;112;
3176;0;112;
3177;0;111;
3178;0;111;
3179;0;112;
3180;0;111;
3181;0;111;
3182;0;111;
3183;0;112;
3184;0;112;
3185;0;111;
3186;0;111;
3187;0;111;
3188;0;111;
3189;0;112;
3190;0;111;
3191;0;111;
3192;0;110;
3193;0;111;
3194;0;110;
3195;0;110;
3196;0;111;
3197;0;110;
3198;0;110;
3199;0;110;
3200;0;110;
3201;0;110;
3202;0;109;
3203;0;110;
3204;0;109;
3205;0;109;
3206;0;109;
3207;0;109;
3208;0;109;
3209;0;108;
3210;0;108;
3211;0;108;
3212;0;107;
3213;0;108;
3214;0;107;
3215;0;106;
3216;0;106;
3217;0;106;
3218;0;106;
3219;0;106;
3220;0;106;
3221;0;106;
3222;0;105;
3223;0;105;
3224;0;104;
3225;0;104;
3226;0;104;
3227;0;104;
3228;0;103;
3229;0;102;
3230;0;102;
3231;0;102;
3232;0;102;
3233;0;102;
3234;0;102;
3235;0;100;
3236;0;101;
3237;0;100;
3238;0;100;
3239;0;100;
3240;0;100;
3241;0;98;
3242;0;99;
3243;0;98;
3244;0;98;
3245;0;98;
3246;0;98;
3247;0;97;
3248;0;96;
3249;0;96;
3250;0;96;
3251;0;96;
3252;0;95;
3253;0;94;
3254;0;94;
3255;0;94;
3256;0;93;
3257;0;93;
3258;0;92;
3259;0;92;
3260;0;91;
3261;0;92;
3262;0;92;
3263;0;90;
3264;0;90;
3265;0;90;
3266;0;89;
3267;0;90;
3268;0;88;
3269;0;88;
3270;0;88;
3271;0;87;
3272;0;87;
3273;0;86;
3274;0;86;
3275;0;86;
3276;0;85;
3277;0;84;
3278;0;84;
3279;0;84;
3280;0;83;
3281;0;83;
3282;0;83;
3283;0;83;
3284;0;83;
3285;0;82;
3286;0;81;
3287;0;81;
3288;0;81;
3289;0;80;
3290;0;79;
3291;0;80;
3292;0;79;
3293;0;79;
3294;0;78;
3295;0;78;
3296;0;77;
3297;0;77;
3298;0;78;
3299;0;77;
3300;0;76;
3301;0;76;
3302;0;75;
3303;0;75;
3304;0;74;
3305;0;74;
3306;0;74;
3307;0;74;
3308;0;74;
3309;0;73;
3310;0;73;
3311;0;72;
3312;0;72;
3313;0;72;
3314;0;72;
3315;0;71;
3316;0;70;
3317;0;70;
3318;0;70;
3319;0;70;
3320;0;69;
3321;0;69;
3322;0;69;
3323;0;69;
3324;0;68;
3325;0;68;
3326;0;68;
3327;0;67;
3328;0;67;
3329;0;67;
3330;0;66;
3331;0;67;
3332;0;65;
3333;0;65;
3334;0;65;
3335;0;66;
3336;0;64;
3337;0;65;
3338;0;64;
3339;0;64;
3340;0;64;
3341;0;63;
3342;0;63;
3343;0;63;
3344;0;63;
3345;0;62;
3346;0;63;
3347;0;62;
3348;0;62;
3349;0;62;
3350;0;61;
3351;0;61;
3352;0;61;
3353;0;61;
3354;0;61;
3355;0;60;
3356;0;60;
3357;0;60;
3358;0;61;
3359;0;59;
3360;0;59;
3361;0;60;
3362;0;59;
3363;0;59;
3364;0;59;
3365;0;58;
3366;0;59;
3367;0;57;
3368;0;58;
3369;0;58;
3370;0;57;
3371;0;57;
3372;0;58;
3373;0;57;
3374;0;57;
3375;0;56;
3376;0;57;
3377;0;57;
3378;0;57;
3379;0;57;
3380;0;56;
3381;0;56;
3382;0;56;
3383;0;56;
3384;0;56;
3385;0;55;
3386;0;55;
3387;0;56;
3388;0;56;
3389;0;55;
3390;0;54;
3391;0;54;
3392;0;54;
3393;0;55;
3394;0;54;
3395;0;54;
3396;0;54;
3397;0;54;
3398;0;53;
3399;0;54;
3400;0;54;
3401;0;54;
3402;0;54;
3403;0;53;
3404;0;53;
3405;0;54;
3406;0;53;
3407;0;53;
3408;0;53;
3409;0;53;
3410;0;53;
3411;0;52;
3412;0;53;
3413;0;52;
3414;0;53;
3415;0;52;
3416;0;53;
3417;0;53;
3418;0;52;
3419;0;52;
3420;0;52;
3421;0;52;
3422;0;51;
3423;0;52;
3424;0;52;
3425;0;51;
3426;0;52;
3427;0;52;
3428;0;52;
3429;0;52;
3430;0;52;
3431;0;51;
3432;0;51;
3433;0;51;
3434;0;52;
3435;0;52;
3436;0;52;
3437;0;51;
3438;0;52;
3439;0;51;
3440;0;51;
3441;0;51;
3442;0;51;
3443;0;52;
3444;0;52;
3445;0;51;
3446;0;51;
3447;0;52;
3448;0;51;
3449;0;51;
3450;0;51;
3451;0;52;
3452;0;51;
3453;0;52;
3454;0;51;
3455;0;51;
3456;0;51;
3457;0;51;
3458;0;51;
3459;0;51;
3460;0;52;
3461;0;52;
3462;0;51;
3463;0;51;
3464;0;51;
3465;0;52;
3466;0;51;
3467;0;51;
3468;0;52;
3469;0;51;
3470;0;52;
3471;0;52;
3472;0;52;
3473;0;52;
3474;0;51;
3475;0;52;
3476;0;52;
3477;0;52;
3478;0;52;
3479;0;53;
3480;0;52;
3481;0;52;
3482;0;52;
3483;0;52;
3484;0;53;
3485;0;53;
3486;0;52;
3487;0;52;
3488;0;52;
3489;0;53;
3490;0;53;
3491;0;53;
3492;0;53;
3493;0;53;
3494;0;53;
3495;0;52;
3496;0;53;
3497;0;53;
3498;0;54;
3499;0;54;
3500;0;54;
3501;0;53;
3502;0;54;
3503;0;54;
3504;0;54;
3505;0;54;
3506;0;54;
3507;0;54;
3508;0;54;
3509;0;55;
3510;0;55;
3511;0;55;
3512;0;55;
3513;0;56;
3514;0;55;
3515;0;56;
3516;0;55;
3517;0;55;
3518;0;56;
3519;0;55;
3520;0;56;
3521;0;56;
3522;0;56;
3523;0;57;
3524;0;56;
3525;0;58;
3526;0;57;
3527;0;57;
3528;0;57;
3529;0;57;
3530;0;58;
3531;0;58;
3532;0;58;
3533;0;58;
3534;0;58;
3535;0;59;
3536;0;58;
3537;0;58;
3538;0;59;
3539;0;59;
3540;0;59;
3541;0;59;
3542;0;60;
3543;0;59;
3544;0;59;
3545;0;60;
3546;0;61;
3547;0;60;
3548;0;61;
3549;0;61;
3550;0;60;
3551;0;61;
3552;0;61;
3553;0;62;
3554;0;62;
3555;0;63;
3556;0;62;
3557;0;62;
3558;0;62;
3559;0;62;
3560;0;63;
3561;0;63;
3562;0;63;
3563;0;64;
3564;0;64;
3565;0;65;
3566;0;64;
3567;0;64;
3568;0;65;
3569;0;65;
3570;0;65;
3571;0;65;
3572;0;65;
3573;0;65;
3574;0;65;
3575;0;65;
3576;0;66;
3577;0;66;
3578;0;67;
3579;0;68;
3580;0;67;
3581;0;67;
3582;0;67;
3583;0;68;
3584;0;68;
3585;0;68;
3586;0;68;
3587;0;69;
3588;0;69;
3589;0;69;
3590;0;70;
3591;0;69;
3592;0;69;
3593;0;70;
3594;0;70;
3595;0;71;
3596;0;70;
3597;0;70;
3598;0;70;
3599;0;71;
3600;0;71;
3601;0;72;
3602;0;71;
3603;0;72;
3604;0;72;
3605;0;72;
3606;0;72;
3607;0;72;
3608;0;73;
3609;0;72;
3610;0;73;
3611;0;73;
3612;0;73;
3613;0;74;
3614;0;73;
3615;0;74;
3616;0;74;
3617;0;74;
3618;0;74;
3619;0;74;
3620;0;75;
3621;0;74;
3622;0;74;
3623;0;75;
3624;0;75;
3625;0;75;
3626;0;75;
3627;0;75;
3628;0;75;
3629;0;75;
3630;0;75;
3631;0;76;
3632;0;76;
3633;0;76;
3634;0;76;
3635;0;77;
3636;0;76;
3637;0;76;
3638;0;76;
3639;0;79;
3640;0;79;
3641;0;79;
3642;0;79;
3643;0;79;
3644;0;79;
3645;0;80;
3646;0;79;
3647;0;80;
3648;0;79;
3649;0;79;
3650;0;79;
3651;0;80;
3652;0;80;
3653;0;79;
3654;0;79;
3655;0;79;
3656;0;79;
3657;0;79;
3658;0;79;
3659;0;79;
3660;0;78;
3661;0;78;
3662;0;78;
3663;0;79;
3664;0;78;
3665;0;78;
3666;0;79;
3667;0;78;
3668;0;78;
3669;0;78;
3670;0;77;
3671;0;77;
3672;0;78;
3673;0;77;
3674;0;77;
3675;0;77;
3676;0;77;
3677;0;77;
3678;0;77;
3679;0;77;
3680;0;76;
3681;0;76;
3682;0;76;
3683;0;76;
3684;0;75;
3685;0;75;
3686;0;75;
3687;0;75;
3688;0;75;
3689;0;74;
3690;0;74;
3691;0;74;
3692;0;74;
3693;0;73;
3694;0;73;
3695;0;72;
3696;0;73;
3697;0;73;
3698;0;72;
3699;0;73;
3700;0;72;
3701;0;71;
3702;0;72;
3703;0;71;
3704;0;71;
3705;0;70;
3706;0;71;
3707;0;70;
3708;0;70;
3709;0;70;
3710;0;69;
3711;0;70;
3712;0;69;
3713;0;68;
3714;0;68;
3715;0;68;
3716;0;67;
3717;0;68;
3718;0;67;
3719;0;67;
3720;0;66;
3721;0;66;
3722;0;65;
3723;0;66;
3724;0;66;
3725;0;66;
3726;0;65;
3727;0;65;
3728;0;65;
3729;0;64;
3730;0;64;
3731;0;64;
3732;0;63;
3733;0;63;
3734;0;62;
3735;0;62;
3736;0;62;
3737;0;62;
3738;0;62;
3739;0;62;
3740;0;61;
3741;0;60;
3742;0;60;
3743;0;61;
3744;0;59;
3745;0;60;
3746;0;59;
3747;0;60;
3748;0;59;
3749;0;59;
3750;0;58;
3751;0;58;
3752;0;58;
3753;0;57;
3754;0;58;
3755;0;57;
3756;0;58;
3757;0;57;
3758;0;57;
3759;0;56;
3760;0;56;
3761;0;56;
3762;0;56;
3763;0;56;
3764;0;55;
3765;0;56;
3766;0;54;
3767;0;54;
3768;0;55;
3769;0;54;
3770;0;53;
3771;0;54;
3772;0;54;
3773;0;53;
3774;0;53;
3775;0;53;
3776;0;53;
3777;0;52;
3778;0;53;
3779;0;52;
3780;0;51;
3781;0;52;
3782;0;51;
3783;0;51;
3784;0;51;
3785;0;52;
3786;0;51;
3787;0;51;
3788;0;50;
3789;0;51;
3790;0;50;
3791;0;50;
3792;0;51;
3793;0;50;
3794;0;49;
3795;0;50;
3796;0;49;
3797;0;49;
3798;0;49;
3799;0;48;
3800;0;49;
3801;0;50;
3802;0;49;
3803;0;48;
3804;0;48;
3805;0;48;
3806;0;48;
3807;0;48;
3808;0;47;
3809;0;47;
3810;0;47;
3811;0;47;
3812;0;47;
3813;0;47;
3814;0;47;
3815;0;46;
3816;0;47;
3817;0;46;
3818;0;46;
3819;0;46;
3820;0;46;
3821;0;45;
3822;0;46;
3823;0;46;
3824;0;45;
3825;0;45;
3826;0;45;
3827;0;45;
3828;0;45;
3829;0;45;
3830;0;45;
3831;0;44;
3832;0;44;
3833;0;44;
3834;0;44;
3835;0;44;
3836;0;43;
3837;0;44;
3838;0;44;
3839;0;43;
3840;0;44;
3841;0;44;
3842;0;43;
3843;0;43;
3844;0;43;
3845;0;44;
3846;0;43;
3847;0;43;
3848;0;43;
3849;0;43;
3850;0;43;
3851;0;43;
3852;0;44;
3853;0;42;
3854;0;43;
3855;0;43;
3856;0;43;
3857;0;43;
3858;0;43;
3859;0;43;
3860;0;42;
3861;0;42;
3862;0;42;
3863;0;43;
3864;0;42;
3865;0;42;
3866;0;42;
3867;0;42;
3868;0;42;
3869;0;43;
3870;0;42;
3871;0;42;
3872;0;42;
3873;0;42;
3874;0;42;
3875;0;42;
3876;0;42;
3877;0;42;
3878;0;42;
3879;0;42;
3880;0;42;
3881;0;41;
3882;0;41;
3883;0;42;
3884;0;41;
3885;0;43;
3886;0;42;
3887;0;42;
3888;0;42;
3889;0;41;
3890;0;42;
3891;0;42;
3892;0;42;
3893;0;42;
3894;0;42;
3895;0;42;
3896;0;42;
3897;0;42;
3898;0;42;
3899;0;42;
3900;0;43;
3901;0;41;
3902;0;42;
3903;0;42;
3904;0;42;
3905;0;42;
3906;0;43;
3907;0;42;
3908;0;43;
3909;0;42;
3910;0;43;
3911;0;43;
3912;0;43;
3913;0;43;
3914;0;43;
3915;0;43;
3916;0;43;
3917;0;43;
3918;0;42;
3919;0;43;
3920;0;43;
3921;0;44;
3922;0;43;
3923;0;44;
3924;0;43;
3925;0;43;
3926;0;44;
3927;0;43;
3928;0;43;
3929;0;44;
3930;0;43;
3931;0;44;
3932;0;44;
3933;0;44;
3934;0;43;
3935;0;43;
3936;0;44;
3937;0;44;
3938;0;43;
3939;0;44;
3940;0;44;
3941;0;44;
3942;0;45;
3943;0;44;
3944;0;45;
3945;0;45;
3946;0;45;
3947;0;45;
3948;0;45;
3949;0;45;
3950;0;45;
3951;0;46;
3952;0;46;
3953;0;46;
3954;0;46;
3955;0;46;
3956;0;46;
3957;0;46;
3958;0;46;
3959;0;46;
3960;0;46;
3961;0;46;
3962;0;47;
3963;0;47;
3964;0;47;
3965;0;47;
3966;0;47;
3967;0;47;
3968;0;48;
3969;0;48;
3970;0;47;
3971;0;48;
3972;0;48;
3973;0;48;
3974;0;49;
3975;0;48;
3976;0;48;
3977;0;49;
3978;0;49;
3979;0;49;
3980;0;49;
3981;0;49;
3982;0;49;
3983;0;49;
3984;0;50;
3985;0;50;
3986;0;50;
3987;0;50;
3988;0;50;
3989;0;50;
3990;0;50;
3991;0;51;
3992;0;51;
3993;0;51;
3994;0;51;
3995;0;51;
3996;0;52;
3997;0;52;
3998;0;51;
3999;0;51;
4000;0;52;
4001;0;53;
4002;0;53;
4003;0;53;
4004;0;53;
4005;0;53;
4006;0;53;
4007;0;53;
4008;0;53;
4009;0;54;
4010;0;54;
4011;0;54;
4012;0;55;
4013;0;55;
4014;0;55;
4015;0;55;
4016;0;55;
4017;0;55;
4018;0;56;
4019;0;56;
4020;0;55;
4021;0;56;
4022;0;56;
4023;0;57;
4024;0;56;
4025;0;57;
4026;0;57;
4027;0;58;
4028;0;58;
4029;0;58;
4030;0;58;
4031;0;58;
4032;0;58;
4033;0;59;
4034;0;58;
4035;0;59;
4036;0;59;
4037;0;59;
4038;0;59;
4039;0;60;
4040;0;60;
4041;0;60;
4042;0;60;
4043;0;60;
4044;0;60;
4045;0;61;
4046;0;61;
4047;0;61;
4048;0;61;
4049;0;62;
4050;0;62;
4051;0;62;
4052;0;62;
4053;0;63;
4054;0;62;
4055;0;63;
4056;0;63;
4057;0;63;
4058;0;63;
4059;0;64;
4060;0;63;
4061;0;64;
4062;0;64;
4063;0;64;
4064;0;65;
4065;0;64;
4066;0;64;
4067;0;65;
4068;0;65;
4069;0;65;
4070;0;65;
4071;0;65;
4072;0;66;
4073;0;66;
4074;0;66;
4075;0;66;
4076;0;67;
4077;0;66;
4078;0;66;
4079;0;67;
4080;0;66;
4081;0;67;
4082;0;67;
4083;0;67;
4084;0;67;
4085;0;67;
4086;0;67;
4087;0;68;
4088;0;68;
4089;0;68;
4090;0;69;
4091;0;68;
4092;0;68;
4093;0;68;
4094;0;69;
4095;0;68;
4096;0;68;
4097;0;69;
4098;0;68;
4099;0;68;
4100;0;68;
4101;0;68;
4102;0;69;
4103;0;69;
4104;0;68;
4105;0;69;
4106;0;69;
4107;0;68;
4108;0;69;
4109;0;69;
4110;0;69;
4111;0;70;
4112;0;69;
4113;0;70;
4114;0;70;
4115;0;69;
4116;0;70;
4117;0;70;
4118;0;69;
4119;0;70;
4120;0;70;
4121;0;70;
4122;0;70;
4123;0;70;
4124;0;69;
4125;0;69;
4126;0;69;
4127;0;70;
4128;0;70;
4129;0;69;
4130;0;69;
4131;0;69;
4132;0;70;
4133;0;70;
4134;0;68;
4135;0;69;
4136;0;69;
4137;0;70;
4138;0;70;
4139;0;70;
4140;0;69;
4141;0;69;
4142;0;69;
4143;0;69;
4144;0;69;
4145;0;69;
4146;0;69;
4147;0;69;
4148;0;69;
4149;0;69;
4150;0;69;
4151;0;68;
4152;0;68;
4153;0;68;
4154;0;69;
4155;0;68;
4156;0;69;
4157;0;68;
4158;0;68;
4159;0;68;
4160;0;68;
4161;0;68;
4162;0;68;
4163;0;67;
4164;0;67;
4165;0;68;
4166;0;68;
4167;0;67;
4168;0;67;
4169;0;67;
4170;0;67;
4171;0;66;
4172;0;66;
4173;0;67;
4174;0;67;
4175;0;67;
4176;0;66;
4177;0;66;
4178;0;66;
4179;0;66;
4180;0;66;
4181;0;66;
4182;0;66;
4183;0;66;
4184;0;66;
4185;0;65;
4186;0;64;
4187;0;65;
4188;0;65;
4189;0;64;
4190;0;64;
4191;0;65;
4192;0;64;
4193;0;64;
4194;0;64;
4195;0;64;
4196;0;63;
4197;0;65;
4198;0;64;
4199;0;64;
4200;0;65;
4201;0;64;
4202;0;64;
4203;0;64;
4204;0;63;
4205;0;63;
4206;0;63;
4207;0;64;
4208;0;63;
4209;0;63;
4210;0;63;
4211;0;63;
4212;0;63;
4213;0;64;
4214;0;63;
4215;0;62;
4216;0;62;
4217;0;63;
4218;0;62;
4219;0;62;
4220;0;62;
4221;0;61;
4222;0;62;
4223;0;61;
4224;0;62;
4225;0;62;
4226;0;61;
4227;0;61;
4228;0;62;
4229;0;61;
4230;0;61;
4231;0;61;
4232;0;61;
4233;0;61;
4234;0;61;
4235;0;60;
4236;0;61;
4237;0;60;
4238;0;61;
4239;0;61;
4240;0;60;
4241;0;59;
4242;0;60;
4243;0;60;
4244;0;59;
4245;0;59;
4246;0;60;
4247;0;60;
4248;0;59;
4249;0;59;
4250;0;59;
4251;0;59;
4252;0;59;
4253;0;59;
4254;0;59;
4255;0;59;
4256;0;59;
4257;0;59;
4258;0;58;
4259;0;58;
4260;0;58;
4261;0;59;
4262;0;58;
4263;0;58;
4264;0;58;
4265;0;58;
4266;0;57;
4267;0;57;
4268;0;58;
4269;0;57;
4270;0;57;
4271;0;56;
4272;0;56;
4273;0;56;
4274;0;56;
4275;0;57;
4276;0;56;
4277;0;56;
4278;0;56;
4279;0;56;
4280;0;56;
4281;0;55;
4282;0;55;
4283;0;56;
4284;0;56;
4285;0;56;
4286;0;55;
4287;0;55;
4288;0;55;
4289;0;54;
4290;0;54;
4291;0;54;
4292;0;53;
4293;0;53;
4294;0;53;
4295;0;52;
4296;0;51;
4297;0;51;
4298;0;50;
4299;0;50;
4300;0;46;
4301;0;49;
4302;0;50;
4303;0;48;
4304;0;48;
4305;0;48;
4306;0;48;
4307;0;50;
4308;0;47;
4309;0;46;
4310;0;47;
4311;0;47;
4312;0;48;
4313;0;46;
4314;0;46;
4315;0;45;
4316;0;45;
4317;0;47;
4318;0;38;
4319;0;37;
4320;0;38;
4321;0;37;
4322;0;45;
4323;0;36;
4324;0;36;
4325;0;35;
4326;0;40;
4327;0;45;
4328;0;36;
4329;0;36;
4330;0;38;
4331;0;39;
4332;0;41;
4333;0;36;
4334;0;37;
4335;0;36;
4336;0;36;
4337;0;37;
4338;0;36;
4339;0;36;
4340;0;36;
4341;0;36;
4342;0;37;
4343;0;36;
4344;0;36;
4345;0;36;
4346;0;37;
4347;0;36;
4348;0;36;
4349;0;36;
4350;0;37;
4351;0;36;
4352;0;36;
4353;0;37;
4354;0;36;
4355;0;36;
4356;0;37;
4357;0;36;
4358;0;37;
4359;0;37;
4360;0;37;
4361;0;36;
4362;0;36;
4363;0;37;
4364;0;38;
4365;0;38;
4366;0;37;
4367;0;36;
4368;0;38;
4369;0;37;
4370;0;38;
4371;0;37;
4372;0;37;
4373;0;37;
4374;0;37;
4375;0;38;
4376;0;38;
4377;0;38;
4378;0;38;
4379;0;38;
4380;0;39;
4381;0;38;
4382;0;39;
4383;0;38;
4384;0;38;
4385;0;39;
4386;0;38;
4387;0;40;
4388;0;39;
4389;0;40;
4390;0;39;
4391;0;40;
4392;0;41;
4393;0;39;
4394;0;40;
4395;0;40;
4396;0;41;
4397;0;41;
4398;0;40;
4399;0;41;
4400;0;38;
4401;0;43;
4402;0;43;
4403;0;42;
4404;0;43;
4405;0;43;
4406;0;42;
4407;0;42;
4408;0;43;
4409;0;43;
4410;0;42;
4411;0;42;
4412;0;42;
4413;0;40;
4414;0;39;
4415;0;42;
4416;0;42;
4417;0;42;
4418;0;42;
4419;0;42;
4420;0;42;
4421;0;43;
4422;0;41;
4423;0;43;
4424;0;43;
4425;0;43;
4426;0;42;
4427;0;42;
4428;0;42;
4429;0;43;
4430;0;42;
4431;0;43;
4432;0;42;
4433;0;43;
4434;0;42;
4435;0;42;
4436;0;42;
4437;0;42;
4438;0;43;
4439;0;43;
4440;0;43;
4441;0;43;
4442;0;43;
4443;0;42;
4444;0;42;
4445;0;43;
4446;0;43;
4447;0;42;
4448;0;43;
4449;0;43;
4450;0;43;
4451;0;43;
4452;0;43;
4453;0;43;
4454;0;43;
4455;0;43;
4456;0;43;
4457;0;43;
4458;0;42;
4459;0;42;
4460;0;43;
4461;0;42;
4462;0;43;
4463;0;43;
4464;0;43;
4465;0;43;
4466;0;42;
4467;0;43;
4468;0;43;
4469;0;43;
4470;0;43;
4471;0;42;
4472;0;43;
4473;0;42;
4474;0;42;
4475;0;42;
4476;0;43;
4477;0;43;
4478;0;43;
4479;0;43;
4480;0;43;
4481;0;43;
4482;0;43;
4483;0;43;
4484;0;43;
4485;0;43;
4486;0;43;
4487;0;42;
4488;0;42;
4489;0;42;
4490;0;42;
4491;0;43;
4492;0;43;
4493;0;43;
4494;0;43;
4495;0;42;
4496;0;43;
4497;0;43;
4498;0;42;
4499;0;42;
4500;0;43;
4501;0;42;
4502;0;43;
4503;0;42;
4504;0;43;
4505;0;42;
4506;0;43;
4507;0;43;
4508;0;43;
4509;0;43;
4510;0;42;
4511;0;43;
4512;0;43;
4513;0;43;
4514;0;42;
4515;0;43;
4516;0;42;
4517;0;43;
4518;0;43;
4519;0;43;
4520;0;42;
4521;0;42;
4522;0;42;
4523;0;43;
4524;0;42;
4525;0;43;
4526;0;43;
4527;0;43;
4528;0;43;
4529;0;42;
4530;0;43;
4531;0;43;
4532;0;42;
4533;0;43;
4534;0;42;
4535;0;43;
4536;0;43;
4537;0;43;
4538;0;42;
4539;0;43;
4540;0;43;
4541;0;42;
4542;0;42;
4543;0;43;
4544;0;43;
4545;0;42;
4546;0;42;
4547;0;43;
4548;0;43;
4549;0;43;
4550;0;43;
4551;0;43;
4552;0;43;
4553;0;42;
4554;0;42;
4555;0;42;
4556;0;43;
4557;0;42;
4558;0;42;
4559;0;43;
4560;0;43;
4561;0;43;
4562;0;43;
4563;0;43;
4564;0;43;
4565;0;43;
4566;0;43;
4567;0;43;
4568;0;43;
4569;0;43;
4570;0;42;
4571;0;43;
4572;0;43;
4573;0;43;
4574;0;43;
4575;0;43;
4576;0;43;
4577;0;43;
4578;0;42;
4579;0;43;
4580;0;43;
4581;0;43;
4582;0;43;
4583;0;42;
4584;0;43;
4585;0;43;
4586;0;43;
4587;0;43;
4588;0;42;
4589;0;43;
4590;0;43;
4591;0;43;
4592;0;43;
4593;0;42;
4594;0;42;
4595;0;42;
4596;0;43;
4597;0;43;
4598;0;43;
4599;0;43;
4600;0;42;
4601;0;43;
4602;0;43;
4603;0;43;
4604;0;44;
4605;0;42;
4606;0;43;
4607;0;43;
4608;0;43;
4609;0;43;
4610;0;42;
4611;0;42;
4612;0;42;
4613;0;43;
4614;0;43;
4615;0;43;
4616;0;42;
4617;0;42;
4618;0;43;
4619;0;43;
4620;0;42;
4621;0;43;
4622;0;43;
4623;0;42;
4624;0;43;
4625;0;43;
4626;0;43;
4627;0;43;
4628;0;42;
4629;0;43;
4630;0;43;
4631;0;42;
4632;0;43;
4633;0;43;
4634;0;43;
4635;0;42;
4636;0;43;
4637;0;42;
4638;0;42;
4639;0;43;
4640;0;42;
4641;0;42;
4642;0;43;
4643;0;42;
4644;0;43;
4645;0;43;
4646;0;42;
4647;0;43;
4648;0;43;
4649;0;43;
4650;0;43;
4651;0;43;
4652;0;43;
4653;0;42;
4654;0;43;
4655;0;43;
4656;0;43;
4657;0;42;
4658;0;42;
4659;0;42;
4660;0;43;
4661;0;43;
4662;0;44;
4663;0;43;
4664;0;42;
4665;0;44;
4666;0;42;
4667;0;43;
4668;0;42;
4669;0;43;
4670;0;43;
4671;0;43;
4672;0;43;
4673;0;42;
4674;0;43;
4675;0;43;
4676;0;43;
4677;0;43;
4678;0;43;
4679;0;43;
4680;0;43;
4681;0;43;
4682;0;43;
4683;0;42;
4684;0;43;
4685;0;43;
4686;0;43;
4687;0;43;
4688;0;43;
4689;0;43;
4690;0;42;
4691;0;43;
4692;0;42;
4693;0;43;
4694;0;43;
4695;0;43;
4696;0;43;
4697;0;42;
4698;0;43;
4699;0;43;
4700;0;42;
4701;0;42;
4702;0;42;
4703;0;42;
