34;0;209;
35;0;207;
36;0;204;
37;0;202;
38;0;201;
39;0;201;
40;0;200;
41;0;198;
42;0;195;
43;0;196;
44;0;200;
45;0;200;
46;0;199;
47;0;195;
48;0;196;
49;0;195;
50;0;195;
51;0;193;
52;0;194;
53;0;194;
54;0;195;
55;0;195;
56;0;196;
57;0;194;
58;0;194;
59;0;194;
60;0;194;
61;0;193;
62;0;191;
63;0;190;
64;0;190;
65;0;190;
66;0;192;
67;0;194;
68;0;194;
69;0;198;
70;0;195;
71;0;194;
72;0;197;
73;0;201;
74;0;204;
75;0;205;
76;0;205;
77;0;204;
78;0;201;
79;0;198;
80;0;195;
81;0;193;
82;0;192;
83;0;191;
84;0;190;
85;0;188;
86;0;187;
87;0;185;
88;0;183;
89;0;179;
90;0;179;
91;0;177;
92;0;177;
93;0;176;
94;0;177;
95;0;180;
96;0;181;
97;0;181;
98;0;181;
99;0;181;
100;0;181;
101;0;181;
102;0;181;
103;0;180;
104;0;178;
105;0;175;
106;0;174;
107;0;172;
108;0;172;
109;0;173;
110;0;174;
111;0;174;
112;0;174;
113;0;174;
114;0;171;
115;0;172;
116;0;171;
117;0;171;
118;0;171;
119;0;172;
120;0;172;
121;0;172;
122;0;173;
123;0;175;
124;0;177;
125;0;179;
126;0;182;
127;0;184;
128;0;185;
129;0;186;
130;0;186;
131;0;186;
132;0;187;
133;0;188;
134;0;190;
135;0;192;
136;0;192;
137;0;192;
138;0;195;
139;0;195;
140;0;196;
141;0;197;
142;0;198;
143;0;199;
144;0;199;
145;0;198;
146;0;196;
147;0;195;
148;0;194;
149;0;193;
150;0;192;
151;0;190;
152;0;189;
153;0;189;
154;0;190;
155;0;191;
156;0;192;
157;0;192;
158;0;193;
159;0;195;
160;0;196;
161;0;197;
162;0;199;
163;0;199;
164;0;200;
165;0;200;
166;0;199;
167;0;196;
168;0;191;
169;0;186;
170;0;182;
171;0;177;
172;0;173;
173;0;170;
174;0;169;
175;0;168;
176;0;165;
177;0;164;
178;0;160;
179;0;158;
180;0;157;
181;0;156;
182;0;155;
183;0;155;
184;0;152;
185;0;150;
186;0;146;
187;0;143;
188;0;141;
189;0;139;
190;0;138;
191;0;138;
192;0;138;
193;0;139;
194;0;138;
195;0;136;
196;0;133;
197;0;131;
198;0;125;
199;0;121;
200;0;115;
201;0;105;
202;0;95;
203;0;82;
204;0;70;
205;0;59;
206;0;50;
207;0;42;
208;0;36;
209;0;32;
210;0;30;
211;0;29;
212;0;29;
213;0;30;
214;0;31;
215;0;31;
216;0;33;
217;0;36;
218;0;43;
219;0;49;
220;0;59;
221;0;67;
222;0;74;
223;0;84;
224;0;92;
225;0;101;
226;0;110;
227;0;119;
228;0;123;
229;0;132;
230;0;139;
231;0;145;
232;0;149;
233;0;154;
234;0;155;
235;0;157;
236;0;158;
237;0;158;
238;0;159;
239;0;160;
240;0;162;
241;0;163;
242;0;165;
243;0;167;
244;0;168;
245;0;169;
246;0;170;
247;0;170;
248;0;171;
249;0;170;
250;0;170;
251;0;169;
252;0;169;
253;0;169;
254;0;169;
255;0;168;
256;0;168;
257;0;167;
258;0;167;
259;0;168;
260;0;166;
261;0;166;
262;0;165;
263;0;164;
264;0;163;
265;0;163;
266;0;160;
267;0;159;
268;0;156;
269;0;150;
270;0;144;
271;0;142;
272;0;142;
273;0;140;
274;0;140;
275;0;148;
276;0;148;
277;0;146;
278;0;145;
279;0;144;
280;0;143;
281;0;143;
282;0;142;
283;0;143;
284;0;143;
285;0;144;
286;0;145;
287;0;146;
288;0;146;
289;0;148;
290;0;149;
291;0;148;
292;0;149;
293;0;149;
294;0;149;
295;0;149;
296;0;148;
297;0;147;
298;0;147;
299;0;145;
300;0;145;
301;0;144;
302;0;143;
303;0;143;
304;0;142;
305;0;141;
306;0;141;
307;0;142;
308;0;141;
309;0;142;
310;0;142;
311;0;142;
312;0;141;
313;0;141;
314;0;140;
315;0;138;
316;0;137;
317;0;135;
318;0;133;
319;0;133;
320;0;131;
321;0;129;
322;0;128;
323;0;125;
324;0;124;
325;0;122;
326;0;121;
327;0;120;
328;0;120;
329;0;119;
330;0;119;
331;0;120;
332;0;121;
333;0;121;
334;0;122;
335;0;124;
336;0;125;
337;0;128;
338;0;128;
339;0;130;
340;0;130;
341;0;131;
342;0;131;
343;0;131;
344;0;132;
345;0;131;
346;0;131;
347;0;132;
348;0;132;
349;0;131;
350;0;131;
351;0;132;
352;0;132;
353;0;132;
354;0;133;
355;0;133;
356;0;132;
357;0;131;
358;0;132;
359;0;132;
360;0;133;
361;0;133;
362;0;133;
363;0;133;
364;0;132;
365;0;133;
366;0;133;
367;0;134;
368;0;133;
369;0;134;
370;0;133;
371;0;133;
372;0;133;
373;0;133;
374;0;133;
375;0;133;
376;0;133;
377;0;133;
378;0;133;
379;0;132;
380;0;132;
381;0;131;
382;0;130;
383;0;129;
384;0;129;
385;0;129;
386;0;128;
387;0;128;
388;0;127;
389;0;128;
390;0;128;
391;0;128;
392;0;128;
393;0;129;
394;0;129;
395;0;130;
396;0;131;
397;0;133;
398;0;133;
399;0;134;
400;0;136;
401;0;137;
402;0;139;
403;0;140;
404;0;141;
405;0;142;
406;0;144;
407;0;144;
408;0;145;
409;0;144;
410;0;145;
411;0;144;
412;0;144;
413;0;144;
414;0;143;
415;0;143;
416;0;142;
417;0;141;
418;0;141;
419;0;140;
420;0;141;
421;0;140;
422;0;140;
423;0;140;
424;0;140;
425;0;140;
426;0;140;
427;0;141;
428;0;141;
429;0;141;
430;0;141;
431;0;142;
432;0;141;
433;0;142;
434;0;142;
435;0;142;
436;0;142;
437;0;141;
438;0;141;
439;0;141;
440;0;141;
441;0;141;
442;0;140;
443;0;140;
444;0;139;
445;0;139;
446;0;139;
447;0;138;
448;0;137;
449;0;136;
450;0;134;
451;0;133;
452;0;131;
453;0;129;
454;0;127;
455;0;122;
456;0;119;
457;0;118;
458;0;116;
459;0;114;
460;0;113;
461;0;112;
462;0;112;
463;0;112;
464;0;112;
465;0;112;
466;0;113;
467;0;112;
468;0;112;
469;0;113;
470;0;113;
471;0;112;
472;0;113;
473;0;112;
474;0;113;
475;0;114;
476;0;113;
477;0;113;
478;0;114;
479;0;114;
480;0;115;
481;0;115;
482;0;115;
483;0;115;
484;0;116;
485;0;116;
486;0;116;
487;0;117;
488;0;116;
489;0;117;
490;0;117;
491;0;117;
492;0;118;
493;0;118;
494;0;118;
495;0;118;
496;0;119;
497;0;119;
498;0;119;
499;0;120;
500;0;119;
501;0;119;
502;0;119;
503;0;119;
504;0;119;
505;0;119;
506;0;118;
507;0;117;
508;0;117;
509;0;116;
510;0;115;
511;0;115;
512;0;114;
513;0;113;
514;0;112;
515;0;112;
516;0;112;
517;0;112;
518;0;114;
519;0;114;
520;0;116;
521;0;116;
522;0;117;
523;0;118;
524;0;118;
525;0;119;
526;0;118;
527;0;118;
528;0;118;
529;0;118;
530;0;118;
531;0;117;
532;0;117;
533;0;117;
534;0;116;
535;0;116;
536;0;116;
537;0;117;
538;0;117;
539;0;118;
540;0;120;
541;0;120;
542;0;120;
543;0;119;
544;0;120;
545;0;118;
546;0;118;
547;0;118;
548;0;117;
549;0;113;
550;0;126;
551;0;126;
552;0;126;
553;0;125;
554;0;125;
555;0;125;
556;0;124;
557;0;123;
558;0;123;
559;0;122;
560;0;120;
561;0;119;
562;0;117;
563;0;115;
564;0;113;
565;0;112;
566;0;109;
567;0;108;
568;0;106;
569;0;102;
570;0;100;
571;0;97;
572;0;95;
573;0;93;
574;0;91;
575;0;89;
576;0;88;
577;0;86;
578;0;85;
579;0;84;
580;0;83;
581;0;82;
582;0;81;
583;0;82;
584;0;81;
585;0;80;
586;0;80;
587;0;79;
588;0;80;
589;0;80;
590;0;81;
591;0;80;
592;0;81;
593;0;80;
594;0;80;
595;0;81;
596;0;80;
597;0;80;
598;0;80;
599;0;79;
600;0;78;
601;0;77;
602;0;76;
603;0;75;
604;0;73;
605;0;71;
606;0;70;
607;0;69;
608;0;66;
609;0;64;
610;0;64;
611;0;62;
612;0;61;
613;0;61;
614;0;60;
615;0;60;
616;0;60;
617;0;59;
618;0;59;
619;0;59;
620;0;58;
621;0;58;
622;0;57;
623;0;57;
624;0;56;
625;0;55;
626;0;54;
627;0;53;
628;0;52;
629;0;50;
630;0;50;
631;0;49;
632;0;48;
633;0;48;
634;0;47;
635;0;49;
636;0;49;
637;0;51;
638;0;52;
639;0;54;
640;0;55;
641;0;57;
642;0;58;
643;0;60;
644;0;62;
645;0;64;
646;0;65;
647;0;67;
648;0;69;
649;0;71;
650;0;73;
651;0;75;
652;0;77;
653;0;79;
654;0;80;
655;0;83;
656;0;84;
657;0;86;
658;0;87;
659;0;88;
660;0;90;
661;0;91;
662;0;92;
663;0;93;
664;0;94;
665;0;95;
666;0;95;
667;0;96;
668;0;96;
669;0;97;
670;0;97;
671;0;98;
672;0;99;
673;0;98;
674;0;98;
675;0;99;
676;0;100;
677;0;100;
678;0;100;
679;0;99;
680;0;100;
681;0;99;
682;0;100;
683;0;101;
684;0;101;
685;0;102;
686;0;104;
687;0;104;
688;0;104;
689;0;105;
690;0;106;
691;0;107;
692;0;107;
693;0;108;
694;0;109;
695;0;110;
696;0;110;
697;0;111;
698;0;112;
699;0;112;
700;0;113;
701;0;113;
702;0;114;
703;0;115;
704;0;115;
705;0;115;
706;0;116;
707;0;117;
708;0;118;
709;0;118;
710;0;119;
711;0;120;
712;0;122;
713;0;122;
714;0;122;
715;0;122;
716;0;123;
717;0;124;
718;0;124;
719;0;125;
720;0;124;
721;0;126;
722;0;126;
723;0;126;
724;0;126;
725;0;126;
726;0;127;
727;0;127;
728;0;127;
729;0;127;
730;0;127;
731;0;127;
732;0;127;
733;0;128;
734;0;129;
735;0;129;
736;0;129;
737;0;129;
738;0;128;
739;0;129;
740;0;129;
741;0;129;
742;0;128;
743;0;128;
744;0;129;
745;0;129;
746;0;129;
747;0;129;
748;0;128;
749;0;128;
750;0;128;
751;0;128;
752;0;128;
753;0;127;
754;0;126;
755;0;127;
756;0;125;
757;0;125;
758;0;125;
759;0;124;
760;0;123;
761;0;123;
762;0;122;
763;0;122;
764;0;121;
765;0;120;
766;0;118;
767;0;118;
768;0;117;
769;0;115;
770;0;114;
771;0;113;
772;0;112;
773;0;110;
774;0;109;
775;0;107;
776;0;106;
777;0;105;
778;0;104;
779;0;103;
780;0;102;
781;0;101;
782;0;101;
783;0;100;
784;0;99;
785;0;99;
786;0;98;
787;0;99;
788;0;98;
789;0;98;
790;0;99;
791;0;99;
792;0;98;
793;0;99;
794;0;100;
795;0;100;
796;0;100;
797;0;100;
798;0;101;
799;0;102;
800;0;102;
801;0;102;
802;0;103;
803;0;103;
804;0;104;
805;0;104;
806;0;105;
807;0;105;
808;0;106;
809;0;107;
810;0;107;
811;0;108;
812;0;107;
813;0;107;
814;0;109;
815;0;109;
816;0;110;
817;0;110;
818;0;110;
819;0;111;
820;0;111;
821;0;111;
822;0;112;
823;0;113;
824;0;114;
825;0;113;
826;0;113;
827;0;114;
828;0;114;
829;0;115;
830;0;116;
831;0;116;
832;0;117;
833;0;117;
834;0;117;
835;0;119;
836;0;118;
837;0;119;
838;0;120;
839;0;121;
840;0;121;
841;0;122;
842;0;123;
843;0;123;
844;0;124;
845;0;124;
846;0;125;
847;0;127;
848;0;126;
849;0;127;
850;0;128;
851;0;128;
852;0;130;
853;0;130;
854;0;131;
855;0;131;
856;0;132;
857;0;132;
858;0;134;
859;0;135;
860;0;135;
861;0;135;
862;0;136;
863;0;137;
864;0;138;
865;0;139;
866;0;139;
867;0;140;
868;0;141;
869;0;141;
870;0;142;
871;0;143;
872;0;144;
873;0;144;
874;0;145;
875;0;145;
876;0;146;
877;0;146;
878;0;147;
879;0;147;
880;0;146;
881;0;146;
882;0;143;
883;0;144;
884;0;142;
885;0;141;
886;0;141;
887;0;139;
888;0;138;
889;0;138;
890;0;136;
891;0;135;
892;0;132;
893;0;132;
894;0;131;
895;0;128;
896;0;128;
897;0;126;
898;0;125;
899;0;123;
900;0;122;
901;0;120;
902;0;119;
903;0;118;
904;0;116;
905;0;116;
906;0;116;
907;0;113;
908;0;115;
909;0;113;
910;0;108;
911;0;107;
912;0;108;
913;0;107;
