433;-1;1023;
штатная ант баофенг ксв
если -1 - не exbnsdfnm


32;0;198;
33;0;198;
34;0;198;
35;0;197;
36;0;196;
37;0;195;
38;0;193;
39;0;194;
40;0;193;
41;0;192;
42;0;192;
43;0;190;
44;0;190;
45;0;188;
46;0;187;
47;0;186;
48;0;186;
49;0;186;
50;0;186;
51;0;185;
52;0;186;
53;0;185;
54;0;184;
55;0;184;
56;0;184;
57;0;182;
58;0;182;
59;0;183;
60;0;182;
61;0;181;
62;0;181;
63;0;181;
64;0;181;
65;0;181;
66;0;180;
67;0;180;
68;0;179;
69;0;183;
70;0;183;
71;0;182;
72;0;182;
73;0;180;
74;0;180;
75;0;180;
76;0;180;
77;0;181;
78;0;181;
79;0;181;
80;0;182;
81;0;182;
82;0;181;
83;0;180;
84;0;179;
85;0;179;
86;0;179;
87;0;179;
88;0;179;
89;0;177;
90;0;177;
91;0;177;
92;0;177;
93;0;177;
94;0;176;
95;0;176;
96;0;176;
97;0;176;
98;0;176;
99;0;176;
100;0;176;
101;0;176;
102;0;176;
103;0;176;
104;0;176;
105;0;176;
106;0;176;
107;0;175;
108;0;175;
109;0;175;
110;0;176;
111;0;176;
112;0;175;
113;0;176;
114;0;174;
115;0;175;
116;0;175;
117;0;174;
118;0;174;
119;0;174;
120;0;174;
121;0;174;
122;0;175;
123;0;174;
124;0;174;
125;0;173;
126;0;174;
127;0;173;
128;0;174;
129;0;174;
130;0;174;
131;0;173;
132;0;174;
133;0;174;
134;0;174;
135;0;175;
136;0;175;
137;0;174;
138;0;176;
139;0;176;
140;0;177;
141;0;176;
142;0;177;
143;0;177;
144;0;177;
145;0;177;
146;0;176;
147;0;176;
148;0;175;
149;0;175;
150;0;175;
151;0;176;
152;0;174;
153;0;174;
154;0;174;
155;0;175;
156;0;175;
157;0;175;
158;0;176;
159;0;176;
160;0;176;
161;0;176;
162;0;177;
163;0;177;
164;0;176;
165;0;176;
166;0;176;
167;0;177;
168;0;176;
169;0;175;
170;0;175;
171;0;175;
172;0;175;
173;0;174;
174;0;174;
175;0;173;
176;0;173;
177;0;173;
178;0;171;
179;0;170;
180;0;171;
181;0;171;
182;0;171;
183;0;171;
184;0;172;
185;0;171;
186;0;170;
187;0;171;
188;0;171;
189;0;171;
190;0;172;
191;0;171;
192;0;171;
193;0;171;
194;0;171;
195;0;172;
196;0;171;
197;0;172;
198;0;171;
199;0;171;
200;0;171;
201;0;171;
202;0;171;
203;0;171;
204;0;170;
205;0;170;
206;0;170;
207;0;171;
208;0;171;
209;0;170;
210;0;170;
211;0;170;
212;0;170;
213;0;170;
214;0;170;
215;0;170;
216;0;170;
217;0;170;
218;0;170;
219;0;170;
220;0;170;
221;0;169;
222;0;170;
223;0;170;
224;0;171;
225;0;170;
226;0;171;
227;0;171;
228;0;170;
229;0;170;
230;0;169;
231;0;170;
232;0;170;
233;0;169;
234;0;170;
235;0;171;
236;0;170;
237;0;170;
238;0;170;
239;0;170;
240;0;170;
241;0;170;
242;0;170;
243;0;170;
244;0;170;
245;0;169;
246;0;169;
247;0;169;
248;0;169;
249;0;168;
250;0;169;
251;0;168;
252;0;168;
253;0;168;
254;0;168;
255;0;168;
256;0;168;
257;0;168;
258;0;168;
259;0;168;
260;0;168;
261;0;167;
262;0;168;
263;0;168;
264;0;168;
265;0;168;
266;0;168;
267;0;168;
268;0;168;
269;0;169;
270;0;168;
271;0;168;
272;0;168;
273;0;168;
274;0;168;
275;0;168;
276;0;167;
277;0;167;
278;0;167;
279;0;167;
280;0;168;
281;0;168;
282;0;168;
283;0;168;
284;0;168;
285;0;168;
286;0;169;
287;0;169;
288;0;168;
289;0;168;
290;0;169;
291;0;170;
292;0;171;
293;0;170;
294;0;170;
295;0;171;
296;0;171;
297;0;172;
298;0;172;
299;0;172;
300;0;173;
301;0;172;
302;0;174;
303;0;174;
304;0;174;
305;0;174;
306;0;175;
307;0;175;
308;0;176;
309;0;175;
310;0;175;
311;0;175;
312;0;175;
313;0;174;
314;0;174;
315;0;174;
316;0;173;
317;0;172;
318;0;172;
319;0;170;
320;0;171;
321;0;169;
322;0;168;
323;0;168;
324;0;168;
325;0;167;
326;0;167;
327;0;167;
328;0;167;
329;0;167;
330;0;167;
331;0;167;
332;0;167;
333;0;167;
334;0;168;
335;0;168;
336;0;169;
337;0;168;
338;0;169;
339;0;168;
340;0;169;
341;0;169;
342;0;168;
343;0;169;
344;0;168;
345;0;169;
346;0;169;
347;0;170;
348;0;170;
349;0;170;
350;0;170;
351;0;170;
352;0;170;
353;0;170;
354;0;171;
355;0;171;
356;0;166;
357;0;166;
358;0;166;
359;0;166;
360;0;167;
361;0;166;
362;0;166;
363;0;167;
364;0;167;
365;0;166;
366;0;167;
367;0;166;
368;0;166;
369;0;166;
370;0;166;
371;0;166;
372;0;165;
373;0;165;
374;0;164;
375;0;164;
376;0;165;
377;0;165;
378;0;165;
379;0;164;
380;0;164;
381;0;165;
382;0;165;
383;0;165;
384;0;165;
385;0;165;
386;0;165;
387;0;165;
388;0;166;
389;0;167;
390;0;167;
391;0;167;
392;0;168;
393;0;169;
394;0;170;
395;0;170;
396;0;171;
397;0;172;
398;0;173;
399;0;174;
400;0;175;
401;0;175;
402;0;176;
403;0;177;
404;0;178;
405;0;179;
406;0;179;
407;0;179;
408;0;180;
409;0;180;
410;0;180;
411;0;179;
412;0;179;
413;0;178;
414;0;178;
415;0;178;
416;0;178;
417;0;178;
418;0;177;
419;0;177;
420;0;177;
421;0;176;
422;0;176;
423;0;177;
424;0;176;
425;0;175;
426;0;175;
427;0;176;
428;0;176;
429;0;175;
430;0;175;
431;0;175;
432;0;175;
433;0;176;
434;0;175;
435;0;175;
436;0;175;
437;0;175;
438;0;175;
439;0;174;
440;0;174;
441;0;173;
442;0;173;
443;0;172;
444;0;172;
445;0;171;
446;0;170;
447;0;169;
448;0;168;
449;0;167;
450;0;166;
451;0;166;
452;0;164;
453;0;163;
454;0;162;
455;0;159;
456;0;159;
457;0;158;
458;0;158;
459;0;158;
460;0;157;
461;0;157;
462;0;158;
463;0;158;
464;0;157;
465;0;157;
466;0;158;
467;0;158;
468;0;158;
469;0;158;
470;0;158;
471;0;159;
472;0;159;
473;0;159;
474;0;159;
475;0;159;
476;0;160;
477;0;159;
478;0;159;
479;0;159;
480;0;160;
481;0;159;
482;0;159;
483;0;159;
484;0;160;
485;0;160;
486;0;160;
487;0;160;
488;0;159;
489;0;159;
490;0;160;
491;0;160;
492;0;160;
493;0;160;
494;0;159;
495;0;159;
496;0;159;
497;0;158;
498;0;158;
499;0;159;
500;0;158;
501;0;158;
502;0;158;
503;0;157;
504;0;156;
505;0;157;
506;0;156;
507;0;156;
508;0;156;
509;0;155;
510;0;155;
511;0;154;
512;0;154;
513;0;154;
514;0;153;
515;0;152;
516;0;152;
517;0;151;
518;0;151;
519;0;151;
520;0;150;
521;0;149;
522;0;149;
523;0;149;
524;0;147;
525;0;148;
526;0;147;
527;0;147;
528;0;146;
529;0;146;
530;0;146;
531;0;146;
532;0;145;
533;0;145;
534;0;145;
535;0;145;
536;0;145;
537;0;145;
538;0;145;
539;0;145;
540;0;146;
541;0;146;
542;0;147;
543;0;147;
544;0;147;
545;0;147;
546;0;148;
547;0;148;
548;0;148;
549;0;148;
550;0;142;
551;0;143;
552;0;143;
553;0;143;
554;0;143;
555;0;142;
556;0;142;
557;0;142;
558;0;143;
559;0;143;
560;0;143;
561;0;143;
562;0;144;
563;0;144;
564;0;144;
565;0;144;
566;0;143;
567;0;144;
568;0;144;
569;0;144;
570;0;145;
571;0;144;
572;0;145;
573;0;144;
574;0;145;
575;0;145;
576;0;146;
577;0;146;
578;0;146;
579;0;146;
580;0;147;
581;0;146;
582;0;147;
583;0;147;
584;0;148;
585;0;148;
586;0;148;
587;0;149;
588;0;148;
589;0;149;
590;0;149;
591;0;149;
592;0;149;
593;0;150;
594;0;150;
595;0;151;
596;0;150;
597;0;151;
598;0;151;
599;0;152;
600;0;152;
601;0;152;
602;0;152;
603;0;152;
604;0;152;
605;0;152;
606;0;152;
607;0;153;
608;0;153;
609;0;154;
610;0;153;
611;0;154;
612;0;154;
613;0;154;
614;0;154;
615;0;155;
616;0;155;
617;0;154;
618;0;155;
619;0;155;
620;0;155;
621;0;155;
622;0;155;
623;0;155;
624;0;154;
625;0;155;
626;0;155;
627;0;155;
628;0;154;
629;0;154;
630;0;153;
631;0;154;
632;0;153;
633;0;153;
634;0;153;
635;0;152;
636;0;152;
637;0;152;
638;0;152;
639;0;152;
640;0;152;
641;0;151;
642;0;151;
643;0;152;
644;0;152;
645;0;151;
646;0;152;
647;0;151;
648;0;152;
649;0;152;
650;0;152;
651;0;152;
652;0;152;
653;0;151;
654;0;152;
655;0;153;
656;0;152;
657;0;152;
658;0;152;
659;0;152;
660;0;153;
661;0;153;
662;0;153;
663;0;153;
664;0;153;
665;0;154;
666;0;154;
667;0;154;
668;0;154;
669;0;154;
670;0;155;
671;0;156;
672;0;155;
673;0;156;
674;0;155;
675;0;156;
676;0;157;
677;0;158;
678;0;157;
679;0;158;
680;0;159;
681;0;158;
682;0;160;
683;0;160;
684;0;162;
685;0;161;
686;0;161;
687;0;162;
688;0;163;
689;0;163;
690;0;163;
691;0;164;
692;0;164;
693;0;165;
694;0;166;
695;0;166;
696;0;167;
697;0;167;
698;0;168;
699;0;168;
700;0;169;
701;0;169;
702;0;170;
703;0;170;
704;0;171;
705;0;171;
706;0;173;
707;0;172;
708;0;172;
709;0;173;
710;0;174;
711;0;171;
712;0;173;
713;0;173;
714;0;174;
715;0;173;
716;0;175;
717;0;175;
718;0;176;
719;0;177;
720;0;177;
721;0;178;
722;0;178;
723;0;180;
724;0;181;
725;0;181;
726;0;181;
727;0;182;
728;0;183;
729;0;184;
730;0;184;
731;0;185;
732;0;185;
733;0;186;
734;0;186;
735;0;186;
736;0;185;
737;0;185;
738;0;185;
739;0;185;
740;0;184;
741;0;184;
742;0;184;
743;0;182;
744;0;182;
745;0;181;
746;0;180;
747;0;180;
748;0;178;
749;0;178;
750;0;177;
751;0;175;
752;0;175;
753;0;174;
754;0;172;
755;0;171;
756;0;171;
757;0;171;
758;0;169;
759;0;169;
760;0;167;
761;0;166;
762;0;166;
763;0;164;
764;0;164;
765;0;163;
766;0;163;
767;0;162;
768;0;162;
769;0;161;
770;0;160;
771;0;160;
772;0;159;
773;0;159;
774;0;159;
775;0;158;
776;0;157;
777;0;157;
778;0;157;
779;0;156;
780;0;156;
781;0;156;
782;0;156;
783;0;156;
784;0;156;
785;0;155;
786;0;156;
787;0;156;
788;0;155;
789;0;155;
790;0;155;
791;0;155;
792;0;155;
793;0;155;
794;0;156;
795;0;156;
796;0;156;
797;0;156;
798;0;156;
799;0;156;
800;0;156;
801;0;157;
802;0;156;
803;0;157;
804;0;157;
805;0;157;
806;0;157;
807;0;157;
808;0;158;
809;0;158;
810;0;158;
811;0;158;
812;0;159;
813;0;159;
814;0;159;
815;0;160;
816;0;159;
817;0;159;
818;0;160;
819;0;160;
820;0;160;
821;0;161;
822;0;161;
823;0;161;
824;0;161;
825;0;161;
826;0;163;
827;0;162;
828;0;162;
829;0;163;
830;0;163;
831;0;163;
832;0;164;
833;0;163;
834;0;164;
835;0;164;
836;0;164;
837;0;164;
838;0;165;
839;0;164;
840;0;165;
841;0;165;
842;0;165;
843;0;165;
844;0;166;
845;0;166;
846;0;166;
847;0;166;
848;0;166;
849;0;167;
850;0;166;
851;0;166;
852;0;166;
853;0;167;
854;0;167;
855;0;167;
856;0;167;
857;0;167;
858;0;166;
859;0;167;
860;0;167;
861;0;166;
862;0;166;
863;0;166;
864;0;166;
865;0;166;
866;0;166;
867;0;166;
868;0;165;
869;0;165;
870;0;165;
871;0;165;
872;0;165;
873;0;165;
874;0;164;
875;0;163;
876;0;163;
877;0;164;
878;0;164;
879;0;163;
880;0;163;
881;0;162;
882;0;162;
883;0;162;
884;0;162;
885;0;160;
886;0;160;
887;0;160;
888;0;160;
889;0;159;
890;0;160;
891;0;158;
892;0;158;
893;0;157;
894;0;158;
895;0;158;
896;0;157;
897;0;157;
898;0;157;
899;0;156;
900;0;155;
901;0;155;
902;0;156;
903;0;154;
904;0;154;
905;0;154;
906;0;154;
907;0;153;
908;0;153;
909;0;153;
910;0;153;
911;0;153;
912;0;153;
913;0;152;
914;0;152;
915;0;152;
916;0;152;
917;0;152;
918;0;152;
919;0;152;
920;0;151;
921;0;151;
922;0;151;
923;0;151;
924;0;152;
925;0;151;
926;0;152;
927;0;151;
928;0;152;
929;0;152;
930;0;152;
931;0;152;
932;0;152;
933;0;152;
934;0;153;
935;0;153;
936;0;152;
937;0;152;
938;0;152;
939;0;152;
940;0;153;
941;0;152;
942;0;152;
943;0;152;
944;0;152;
945;0;152;
946;0;152;
947;0;152;
948;0;151;
949;0;152;
950;0;152;
951;0;152;
952;0;152;
953;0;153;
954;0;151;
955;0;151;
956;0;151;
957;0;152;
958;0;152;
959;0;152;
960;0;151;
961;0;151;
962;0;151;
963;0;152;
964;0;151;
965;0;151;
966;0;151;
967;0;151;
968;0;151;
969;0;151;
970;0;151;
971;0;151;
972;0;150;
973;0;150;
974;0;151;
975;0;150;
976;0;150;
977;0;150;
978;0;151;
979;0;151;
980;0;151;
981;0;150;
982;0;150;
983;0;150;
984;0;149;
985;0;150;
986;0;150;
987;0;150;
988;0;150;
989;0;149;
990;0;150;
991;0;149;
992;0;150;
993;0;149;
994;0;149;
995;0;150;
996;0;150;
997;0;149;
998;0;149;
999;0;149;
1000;0;149;
1001;0;149;
1002;0;149;
1003;0;150;
1004;0;149;
1005;0;150;
1006;0;150;
1007;0;150;
1008;0;149;
1009;0;149;
1010;0;150;
1011;0;149;
1012;0;150;
1013;0;150;
1014;0;150;
1015;0;150;
1016;0;150;
1017;0;149;
1018;0;150;
1019;0;150;
1020;0;150;
1021;0;150;
1022;0;151;
1023;0;151;
1024;0;151;
1025;0;152;
1026;0;151;
1027;0;151;
1028;0;152;
1029;0;152;
1030;0;152;
1031;0;152;
1032;0;152;
1033;0;152;
1034;0;152;
1035;0;153;
1036;0;153;
1037;0;153;
1038;0;153;
1039;0;154;
1040;0;153;
1041;0;153;
1042;0;152;
1043;0;153;
1044;0;154;
1045;0;153;
1046;0;153;
1047;0;153;
1048;0;153;
1049;0;154;
1050;0;154;
1051;0;153;
1052;0;154;
1053;0;153;
1054;0;154;
1055;0;154;
1056;0;154;
1057;0;154;
1058;0;153;
1059;0;153;
1060;0;153;
1061;0;154;
1062;0;153;
1063;0;153;
1064;0;153;
1065;0;153;
1066;0;153;
1067;0;153;
1068;0;153;
1069;0;152;
1070;0;152;
1071;0;152;
1072;0;152;
1073;0;151;
1074;0;150;
1075;0;149;
1076;0;149;
1077;0;149;
1078;0;149;
1079;0;148;
1080;0;146;
1081;0;145;
1082;0;145;
1083;0;146;
1084;0;145;
1085;0;145;
1086;0;144;
1087;0;145;
1088;0;145;
1089;0;145;
1090;0;144;
1091;0;144;
1092;0;145;
1093;0;145;
1094;0;145;
1095;0;145;
1096;0;145;
1097;0;145;
1098;0;144;
1099;0;144;
1100;0;147;
1101;0;147;
1102;0;147;
1103;0;146;
1104;0;146;
1105;0;146;
1106;0;146;
1107;0;146;
1108;0;145;
1109;0;145;
1110;0;145;
1111;0;145;
1112;0;144;
1113;0;144;
1114;0;144;
1115;0;145;
1116;0;145;
1117;0;144;
1118;0;144;
1119;0;144;
1120;0;143;
1121;0;143;
1122;0;144;
1123;0;144;
1124;0;143;
1125;0;143;
1126;0;143;
1127;0;142;
1128;0;142;
1129;0;143;
1130;0;142;
1131;0;142;
1132;0;142;
1133;0;143;
1134;0;143;
1135;0;143;
1136;0;142;
1137;0;142;
1138;0;143;
1139;0;143;
1140;0;143;
1141;0;143;
1142;0;143;
1143;0;143;
1144;0;142;
1145;0;143;
1146;0;142;
1147;0;143;
1148;0;143;
1149;0;143;
1150;0;143;
1151;0;143;
1152;0;143;
1153;0;142;
1154;0;143;
1155;0;143;
1156;0;143;
1157;0;143;
1158;0;144;
1159;0;143;
1160;0;143;
1161;0;143;
1162;0;144;
1163;0;144;
1164;0;144;
1165;0;144;
1166;0;144;
1167;0;144;
1168;0;144;
1169;0;144;
1170;0;144;
1171;0;144;
1172;0;144;
1173;0;144;
1174;0;144;
1175;0;144;
1176;0;144;
1177;0;143;
1178;0;144;
1179;0;145;
1180;0;143;
1181;0;144;
1182;0;144;
1183;0;144;
1184;0;144;
1185;0;144;
1186;0;144;
1187;0;144;
1188;0;144;
1189;0;144;
1190;0;144;
1191;0;144;
1192;0;144;
1193;0;143;
1194;0;144;
1195;0;143;
1196;0;144;
1197;0;143;
1198;0;144;
1199;0;143;
1200;0;143;
1201;0;144;
1202;0;143;
1203;0;143;
1204;0;143;
1205;0;143;
1206;0;143;
1207;0;142;
1208;0;143;
1209;0;143;
1210;0;142;
1211;0;142;
1212;0;142;
1213;0;142;
1214;0;142;
1215;0;141;
1216;0;142;
1217;0;141;
1218;0;141;
1219;0;141;
1220;0;140;
1221;0;141;
1222;0;140;
1223;0;140;
1224;0;139;
1225;0;140;
1226;0;139;
1227;0;139;
1228;0;139;
1229;0;138;
1230;0;138;
1231;0;139;
1232;0;138;
1233;0;137;
1234;0;137;
1235;0;138;
1236;0;137;
1237;0;137;
1238;0;138;
1239;0;136;
1240;0;136;
1241;0;136;
1242;0;136;
1243;0;136;
1244;0;136;
1245;0;135;
1246;0;135;
1247;0;135;
1248;0;135;
1249;0;135;
1250;0;134;
1251;0;134;
1252;0;134;
1253;0;134;
1254;0;134;
1255;0;134;
1256;0;134;
1257;0;133;
1258;0;133;
1259;0;134;
1260;0;133;
1261;0;134;
1262;0;133;
1263;0;133;
1264;0;132;
1265;0;133;
1266;0;132;
1267;0;132;
1268;0;133;
1269;0;132;
1270;0;133;
1271;0;132;
1272;0;132;
1273;0;132;
1274;0;132;
1275;0;132;
1276;0;132;
1277;0;132;
1278;0;132;
1279;0;132;
1280;0;132;
1281;0;133;
1282;0;133;
1283;0;132;
1284;0;132;
1285;0;133;
1286;0;132;
1287;0;132;
1288;0;133;
1289;0;132;
1290;0;133;
1291;0;133;
1292;0;132;
1293;0;133;
1294;0;133;
1295;0;133;
1296;0;134;
1297;0;133;
1298;0;133;
1299;0;134;
1300;0;133;
1301;0;134;
1302;0;134;
1303;0;134;
1304;0;134;
1305;0;134;
1306;0;135;
1307;0;134;
1308;0;135;
1309;0;135;
1310;0;135;
1311;0;135;
1312;0;136;
1313;0;137;
1314;0;136;
1315;0;136;
1316;0;136;
1317;0;136;
1318;0;137;
1319;0;137;
1320;0;137;
1321;0;137;
1322;0;138;
1323;0;137;
1324;0;138;
1325;0;138;
1326;0;138;
1327;0;138;
1328;0;139;
1329;0;139;
1330;0;139;
1331;0;140;
1332;0;140;
1333;0;140;
1334;0;140;
1335;0;140;
1336;0;140;
1337;0;141;
1338;0;141;
1339;0;141;
1340;0;142;
1341;0;142;
1342;0;142;
1343;0;143;
1344;0;143;
1345;0;144;
1346;0;143;
1347;0;144;
1348;0;144;
1349;0;144;
1350;0;145;
1351;0;145;
1352;0;146;
1353;0;146;
1354;0;147;
1355;0;147;
1356;0;147;
1357;0;148;
1358;0;148;
1359;0;149;
1360;0;149;
1361;0;150;
1362;0;150;
1363;0;150;
1364;0;150;
1365;0;151;
1366;0;151;
1367;0;152;
1368;0;152;
1369;0;153;
1370;0;153;
1371;0;154;
1372;0;154;
1373;0;154;
1374;0;154;
1375;0;154;
1376;0;154;
1377;0;155;
1378;0;155;
1379;0;156;
1380;0;156;
1381;0;156;
1382;0;157;
1383;0;157;
1384;0;157;
1385;0;157;
1386;0;158;
1387;0;158;
1388;0;159;
1389;0;158;
1390;0;158;
1391;0;159;
1392;0;159;
1393;0;159;
1394;0;158;
1395;0;159;
1396;0;159;
1397;0;160;
1398;0;159;
1399;0;160;
1400;0;160;
1401;0;160;
1402;0;160;
1403;0;160;
1404;0;160;
1405;0;161;
1406;0;160;
1407;0;161;
1408;0;160;
1409;0;161;
1410;0;161;
1411;0;161;
1412;0;161;
1413;0;161;
1414;0;161;
1415;0;161;
1416;0;160;
1417;0;161;
1418;0;161;
1419;0;161;
1420;0;161;
1421;0;161;
1422;0;169;
1423;0;169;
1424;0;168;
1425;0;169;
1426;0;168;
1427;0;168;
1428;0;168;
1429;0;168;
1430;0;168;
1431;0;169;
1432;0;168;
1433;0;167;
1434;0;168;
1435;0;168;
1436;0;167;
1437;0;167;
1438;0;169;
1439;0;168;
1440;0;167;
1441;0;168;
1442;0;168;
1443;0;167;
1444;0;168;
1445;0;168;
1446;0;168;
1447;0;167;
1448;0;167;
1449;0;168;
1450;0;167;
1451;0;166;
1452;0;166;
1453;0;166;
1454;0;166;
1455;0;166;
1456;0;166;
1457;0;165;
1458;0;165;
1459;0;165;
1460;0;165;
1461;0;164;
1462;0;165;
1463;0;164;
1464;0;164;
1465;0;164;
1466;0;164;
1467;0;163;
1468;0;163;
1469;0;163;
1470;0;162;
1471;0;162;
1472;0;162;
1473;0;161;
1474;0;161;
1475;0;161;
1476;0;160;
1477;0;160;
1478;0;159;
1479;0;159;
1480;0;158;
1481;0;158;
1482;0;158;
1483;0;157;
1484;0;157;
1485;0;156;
1486;0;155;
1487;0;155;
1488;0;156;
1489;0;155;
1490;0;154;
1491;0;155;
1492;0;154;
1493;0;154;
1494;0;153;
1495;0;153;
1496;0;153;
1497;0;152;
1498;0;152;
1499;0;152;
1500;0;151;
1501;0;151;
1502;0;150;
1503;0;151;
1504;0;150;
1505;0;149;
1506;0;149;
1507;0;149;
1508;0;149;
1509;0;148;
1510;0;147;
1511;0;148;
1512;0;147;
1513;0;147;
1514;0;147;
1515;0;146;
1516;0;146;
1517;0;145;
1518;0;145;
1519;0;145;
1520;0;145;
1521;0;145;
1522;0;144;
1523;0;144;
1524;0;144;
1525;0;144;
1526;0;144;
1527;0;144;
1528;0;144;
1529;0;143;
1530;0;143;
1531;0;143;
1532;0;142;
1533;0;143;
1534;0;143;
1535;0;142;
1536;0;142;
1537;0;142;
1538;0;142;
1539;0;141;
1540;0;141;
1541;0;141;
1542;0;142;
1543;0;140;
1544;0;141;
1545;0;141;
1546;0;141;
1547;0;140;
1548;0;139;
1549;0;140;
1550;0;139;
1551;0;139;
1552;0;140;
1553;0;139;
1554;0;140;
1555;0;139;
1556;0;139;
1557;0;139;
1558;0;138;
1559;0;138;
1560;0;138;
1561;0;138;
1562;0;138;
1563;0;137;
1564;0;138;
1565;0;137;
1566;0;136;
1567;0;136;
1568;0;136;
1569;0;136;
1570;0;136;
1571;0;136;
1572;0;136;
1573;0;135;
1574;0;136;
1575;0;136;
1576;0;135;
1577;0;136;
1578;0;135;
1579;0;135;
1580;0;135;
1581;0;135;
1582;0;136;
1583;0;135;
1584;0;135;
1585;0;136;
1586;0;136;
1587;0;135;
1588;0;136;
1589;0;135;
1590;0;135;
1591;0;136;
1592;0;136;
1593;0;136;
1594;0;135;
1595;0;136;
1596;0;136;
1597;0;136;
1598;0;136;
1599;0;136;
1600;0;136;
1601;0;135;
1602;0;136;
1603;0;137;
1604;0;136;
1605;0;136;
1606;0;137;
1607;0;137;
1608;0;137;
1609;0;136;
1610;0;137;
1611;0;138;
1612;0;137;
1613;0;138;
1614;0;138;
1615;0;138;
1616;0;137;
1617;0;139;
1618;0;138;
1619;0;138;
1620;0;139;
1621;0;139;
1622;0;139;
1623;0;139;
1624;0;139;
1625;0;139;
1626;0;140;
1627;0;139;
1628;0;140;
1629;0;139;
1630;0;139;
1631;0;139;
1632;0;140;
1633;0;140;
1634;0;140;
1635;0;140;
1636;0;140;
1637;0;140;
1638;0;141;
1639;0;141;
1640;0;141;
1641;0;141;
1642;0;141;
1643;0;142;
1644;0;141;
1645;0;142;
1646;0;142;
1647;0;142;
1648;0;143;
1649;0;142;
1650;0;143;
1651;0;143;
1652;0;143;
1653;0;144;
1654;0;144;
1655;0;144;
1656;0;144;
1657;0;144;
1658;0;145;
1659;0;144;
1660;0;145;
1661;0;145;
1662;0;146;
1663;0;145;
1664;0;146;
1665;0;146;
1666;0;147;
1667;0;147;
1668;0;148;
1669;0;148;
1670;0;148;
1671;0;149;
1672;0;150;
1673;0;151;
1674;0;150;
1675;0;151;
1676;0;151;
1677;0;152;
1678;0;152;
1679;0;154;
1680;0;153;
1681;0;154;
1682;0;155;
1683;0;155;
1684;0;155;
1685;0;156;
1686;0;156;
1687;0;156;
1688;0;156;
1689;0;158;
1690;0;158;
1691;0;159;
1692;0;160;
1693;0;160;
1694;0;160;
1695;0;161;
1696;0;162;
1697;0;162;
1698;0;162;
1699;0;162;
1700;0;163;
1701;0;163;
1702;0;164;
1703;0;165;
1704;0;165;
1705;0;165;
1706;0;167;
1707;0;167;
1708;0;167;
1709;0;167;
1710;0;168;
1711;0;169;
1712;0;169;
1713;0;169;
1714;0;169;
1715;0;170;
1716;0;170;
1717;0;171;
1718;0;171;
1719;0;171;
1720;0;171;
1721;0;171;
1722;0;172;
1723;0;172;
1724;0;172;
1725;0;172;
1726;0;173;
1727;0;173;
1728;0;173;
1729;0;174;
1730;0;174;
1731;0;174;
1732;0;174;
1733;0;175;
1734;0;174;
1735;0;175;
1736;0;175;
1737;0;175;
1738;0;175;
1739;0;176;
1740;0;176;
1741;0;175;
1742;0;176;
1743;0;177;
1744;0;176;
1745;0;177;
1746;0;177;
1747;0;177;
1748;0;177;
1749;0;177;
1750;0;178;
1751;0;178;
1752;0;178;
1753;0;177;
1754;0;178;
1755;0;178;
1756;0;179;
1757;0;178;
1758;0;179;
1759;0;179;
1760;0;179;
1761;0;179;
1762;0;179;
1763;0;180;
1764;0;179;
1765;0;180;
1766;0;180;
1767;0;180;
1768;0;180;
1769;0;180;
1770;0;180;
1771;0;180;
1772;0;180;
1773;0;180;
1774;0;180;
1775;0;180;
1776;0;181;
1777;0;180;
1778;0;181;
1779;0;181;
1780;0;180;
1781;0;181;
1782;0;181;
1783;0;182;
1784;0;182;
1785;0;181;
1786;0;182;
1787;0;181;
1788;0;182;
1789;0;182;
1790;0;182;
1791;0;182;
1792;0;183;
1793;0;182;
1794;0;182;
1795;0;182;
1796;0;183;
1797;0;182;
1798;0;182;
1799;0;182;
1800;0;183;
1801;0;182;
1802;0;183;
1803;0;182;
1804;0;183;
1805;0;183;
1806;0;183;
1807;0;183;
1808;0;183;
1809;0;184;
1810;0;183;
1811;0;183;
1812;0;183;
1813;0;183;
1814;0;183;
1815;0;183;
1816;0;183;
1817;0;183;
1818;0;183;
1819;0;178;
1820;0;178;
1821;0;179;
1822;0;179;
1823;0;180;
1824;0;179;
1825;0;179;
1826;0;180;
1827;0;180;
1828;0;180;
1829;0;180;
1830;0;180;
1831;0;180;
1832;0;180;
1833;0;181;
1834;0;180;
1835;0;180;
1836;0;180;
1837;0;181;
1838;0;180;
1839;0;180;
1840;0;181;
1841;0;181;
1842;0;181;
1843;0;181;
1844;0;181;
1845;0;180;
1846;0;181;
1847;0;181;
1848;0;180;
1849;0;181;
1850;0;180;
1851;0;180;
1852;0;180;
1853;0;181;
1854;0;180;
1855;0;180;
1856;0;179;
1857;0;179;
1858;0;179;
1859;0;179;
1860;0;179;
1861;0;179;
1862;0;179;
1863;0;178;
1864;0;178;
1865;0;178;
1866;0;178;
1867;0;177;
1868;0;177;
1869;0;177;
1870;0;176;
1871;0;176;
1872;0;175;
1873;0;176;
1874;0;175;
1875;0;174;
1876;0;174;
1877;0;174;
1878;0;173;
1879;0;173;
1880;0;173;
1881;0;172;
1882;0;172;
1883;0;172;
1884;0;171;
1885;0;170;
1886;0;170;
1887;0;170;
1888;0;169;
1889;0;169;
1890;0;168;
1891;0;168;
1892;0;168;
1893;0;167;
1894;0;167;
1895;0;166;
1896;0;166;
1897;0;165;
1898;0;164;
1899;0;165;
1900;0;164;
1901;0;163;
1902;0;163;
1903;0;163;
1904;0;162;
1905;0;161;
1906;0;161;
1907;0;161;
1908;0;160;
1909;0;159;
1910;0;159;
1911;0;159;
1912;0;158;
1913;0;158;
1914;0;157;
1915;0;157;
1916;0;157;
1917;0;157;
1918;0;155;
1919;0;155;
1920;0;156;
1921;0;154;
1922;0;154;
1923;0;153;
1924;0;153;
1925;0;152;
1926;0;152;
1927;0;152;
1928;0;152;
1929;0;151;
1930;0;150;
1931;0;150;
1932;0;150;
1933;0;149;
1934;0;149;
1935;0;148;
1936;0;148;
1937;0;148;
1938;0;147;
1939;0;147;
1940;0;146;
1941;0;146;
1942;0;145;
1943;0;146;
1944;0;145;
1945;0;145;
1946;0;144;
1947;0;143;
1948;0;143;
1949;0;143;
1950;0;143;
1951;0;142;
1952;0;141;
1953;0;142;
1954;0;141;
1955;0;141;
1956;0;141;
1957;0;140;
1958;0;140;
1959;0;139;
1960;0;139;
1961;0;139;
1962;0;139;
1963;0;138;
1964;0;138;
1965;0;138;
1966;0;138;
1967;0;137;
1968;0;137;
1969;0;137;
1970;0;137;
1971;0;136;
1972;0;136;
1973;0;135;
1974;0;135;
1975;0;135;
1976;0;135;
1977;0;135;
1978;0;134;
1979;0;134;
1980;0;134;
1981;0;134;
1982;0;133;
1983;0;133;
1984;0;133;
1985;0;132;
1986;0;132;
1987;0;133;
1988;0;132;
1989;0;132;
1990;0;131;
1991;0;131;
1992;0;132;
1993;0;131;
1994;0;131;
1995;0;131;
1996;0;130;
1997;0;130;
1998;0;131;
1999;0;130;
2000;0;131;
2001;0;131;
2002;0;130;
2003;0;130;
2004;0;130;
2005;0;129;
2006;0;130;
2007;0;130;
2008;0;129;
2009;0;130;
2010;0;129;
2011;0;129;
2012;0;129;
2013;0;129;
2014;0;129;
2015;0;129;
2016;0;128;
2017;0;129;
2018;0;129;
2019;0;129;
2020;0;130;
2021;0;129;
2022;0;129;
2023;0;130;
2024;0;129;
2025;0;129;
2026;0;129;
2027;0;130;
2028;0;130;
2029;0;129;
2030;0;130;
2031;0;130;
2032;0;130;
2033;0;130;
2034;0;131;
2035;0;131;
2036;0;130;
2037;0;132;
2038;0;131;
2039;0;131;
2040;0;131;
2041;0;133;
2042;0;132;
2043;0;132;
2044;0;133;
2045;0;133;
2046;0;134;
2047;0;134;
2048;0;134;
2049;0;134;
2050;0;135;
2051;0;135;
2052;0;136;
2053;0;137;
2054;0;137;
2055;0;138;
2056;0;138;
2057;0;139;
2058;0;139;
2059;0;139;
2060;0;140;
2061;0;141;
2062;0;140;
2063;0;142;
2064;0;142;
2065;0;143;
2066;0;143;
2067;0;144;
2068;0;144;
2069;0;145;
2070;0;146;
2071;0;146;
2072;0;147;
2073;0;147;
2074;0;148;
2075;0;149;
2076;0;149;
2077;0;150;
2078;0;151;
2079;0;152;
2080;0;152;
2081;0;153;
2082;0;154;
2083;0;154;
2084;0;155;
2085;0;156;
2086;0;156;
2087;0;157;
2088;0;158;
2089;0;159;
2090;0;159;
2091;0;160;
2092;0;160;
2093;0;162;
2094;0;162;
2095;0;163;
2096;0;164;
2097;0;164;
2098;0;165;
2099;0;167;
2100;0;166;
2101;0;168;
2102;0;169;
2103;0;169;
2104;0;169;
2105;0;171;
2106;0;171;
2107;0;172;
2108;0;173;
2109;0;175;
2110;0;174;
2111;0;176;
2112;0;176;
2113;0;177;
2114;0;178;
2115;0;179;
2116;0;180;
2117;0;180;
2118;0;181;
2119;0;182;
2120;0;183;
2121;0;183;
2122;0;186;
2123;0;186;
2124;0;186;
2125;0;187;
2126;0;188;
2127;0;189;
2128;0;190;
2129;0;191;
2130;0;192;
2131;0;192;
2132;0;194;
2133;0;195;
2134;0;195;
2135;0;195;
2136;0;198;
2137;0;198;
2138;0;199;
2139;0;200;
2140;0;201;
2141;0;204;
2142;0;204;
2143;0;206;
2144;0;210;
2145;0;211;
2146;0;214;
2147;0;216;
2148;0;219;
2149;0;222;
2150;0;226;
2151;0;225;
2152;0;226;
2153;0;227;
2154;0;228;
2155;0;229;
2156;0;227;
2157;0;228;
2158;0;231;
2159;0;236;
2160;0;235;
2161;0;230;
2162;0;235;
2163;0;235;
2164;0;234;
2165;0;235;
2166;0;234;
2167;0;235;
2168;0;234;
2169;0;233;
2170;0;233;
2171;0;235;
2172;0;232;
2173;0;232;
2174;0;230;
2175;0;229;
2176;0;234;
2177;0;231;
2178;0;232;
2179;0;230;
2180;0;231;
2181;0;230;
2182;0;229;
2183;0;228;
2184;0;227;
2185;0;227;
2186;0;227;
2187;0;226;
2188;0;227;
2189;0;226;
2190;0;225;
2191;0;224;
2192;0;228;
2193;0;224;
2194;0;224;
2195;0;223;
2196;0;220;
2197;0;221;
2198;0;221;
2199;0;221;
2200;0;227;
2201;0;226;
2202;0;227;
2203;0;225;
2204;0;226;
2205;0;226;
2206;0;226;
2207;0;225;
2208;0;224;
2209;0;224;
2210;0;223;
2211;0;224;
2212;0;222;
2213;0;223;
2214;0;223;
2215;0;222;
2216;0;222;
2217;0;221;
2218;0;221;
2219;0;220;
2220;0;220;
2221;0;220;
2222;0;219;
2223;0;219;
2224;0;218;
2225;0;218;
2226;0;217;
2227;0;217;
2228;0;216;
2229;0;216;
2230;0;216;
2231;0;214;
2232;0;214;
2233;0;213;
2234;0;213;
2235;0;212;
2236;0;211;
2237;0;210;
2238;0;209;
2239;0;209;
2240;0;208;
2241;0;207;
2242;0;207;
2243;0;207;
2244;0;205;
2245;0;205;
2246;0;204;
2247;0;203;
2248;0;201;
2249;0;201;
2250;0;201;
2251;0;199;
2252;0;199;
2253;0;198;
2254;0;198;
2255;0;197;
2256;0;196;
2257;0;195;
2258;0;195;
2259;0;193;
2260;0;193;
2261;0;192;
2262;0;191;
2263;0;191;
2264;0;190;
2265;0;188;
2266;0;188;
2267;0;187;
2268;0;187;
2269;0;186;
2270;0;185;
2271;0;184;
2272;0;184;
2273;0;182;
2274;0;182;
2275;0;181;
2276;0;180;
2277;0;179;
2278;0;179;
2279;0;178;
2280;0;177;
2281;0;176;
2282;0;176;
2283;0;175;
2284;0;174;
2285;0;174;
2286;0;173;
2287;0;173;
2288;0;172;
2289;0;172;
2290;0;171;
2291;0;171;
2292;0;169;
2293;0;170;
2294;0;168;
2295;0;168;
2296;0;167;
2297;0;167;
2298;0;166;
2299;0;165;
2300;0;165;
2301;0;165;
2302;0;164;
2303;0;164;
2304;0;163;
2305;0;162;
2306;0;162;
2307;0;162;
2308;0;161;
2309;0;161;
2310;0;160;
2311;0;160;
2312;0;159;
2313;0;159;
2314;0;160;
2315;0;159;
2316;0;158;
2317;0;157;
2318;0;157;
2319;0;157;
2320;0;157;
2321;0;156;
2322;0;156;
2323;0;156;
2324;0;156;
2325;0;156;
2326;0;155;
2327;0;155;
2328;0;154;
2329;0;154;
2330;0;153;
2331;0;153;
2332;0;153;
2333;0;153;
2334;0;153;
2335;0;153;
2336;0;153;
2337;0;152;
2338;0;152;
2339;0;152;
2340;0;151;
2341;0;152;
2342;0;151;
2343;0;151;
2344;0;151;
2345;0;150;
2346;0;150;
2347;0;149;
2348;0;149;
2349;0;150;
2350;0;149;
2351;0;149;
2352;0;150;
2353;0;149;
2354;0;149;
2355;0;148;
2356;0;148;
2357;0;148;
2358;0;149;
2359;0;148;
2360;0;148;
2361;0;148;
2362;0;147;
2363;0;147;
2364;0;148;
2365;0;147;
2366;0;147;
2367;0;146;
2368;0;147;
2369;0;147;
2370;0;147;
2371;0;146;
2372;0;147;
2373;0;146;
2374;0;147;
2375;0;146;
2376;0;146;
2377;0;147;
2378;0;146;
2379;0;146;
2380;0;146;
2381;0;146;
2382;0;146;
2383;0;146;
2384;0;146;
2385;0;146;
2386;0;145;
2387;0;146;
2388;0;146;
2389;0;146;
2390;0;146;
2391;0;146;
2392;0;146;
2393;0;146;
2394;0;146;
2395;0;147;
2396;0;147;
2397;0;146;
2398;0;146;
2399;0;146;
2400;0;146;
2401;0;146;
2402;0;146;
2403;0;147;
2404;0;146;
2405;0;146;
2406;0;147;
2407;0;146;
2408;0;147;
2409;0;147;
2410;0;147;
2411;0;147;
2412;0;146;
2413;0;147;
2414;0;147;
2415;0;147;
2416;0;148;
2417;0;147;
2418;0;148;
2419;0;148;
2420;0;148;
2421;0;148;
2422;0;148;
2423;0;148;
2424;0;148;
2425;0;147;
2426;0;149;
2427;0;149;
2428;0;149;
2429;0;149;
2430;0;149;
2431;0;149;
2432;0;149;
2433;0;149;
2434;0;150;
2435;0;150;
2436;0;150;
2437;0;150;
2438;0;150;
2439;0;150;
2440;0;150;
2441;0;151;
2442;0;151;
2443;0;151;
2444;0;151;
2445;0;151;
2446;0;151;
2447;0;152;
2448;0;152;
2449;0;151;
2450;0;152;
2451;0;153;
2452;0;152;
2453;0;153;
2454;0;153;
2455;0;153;
2456;0;153;
2457;0;154;
2458;0;154;
2459;0;154;
2460;0;154;
2461;0;155;
2462;0;154;
2463;0;155;
2464;0;155;
2465;0;156;
2466;0;156;
2467;0;156;
2468;0;156;
2469;0;156;
2470;0;157;
2471;0;157;
2472;0;157;
2473;0;157;
2474;0;158;
2475;0;157;
2476;0;158;
2477;0;158;
2478;0;159;
2479;0;159;
2480;0;159;
2481;0;159;
2482;0;160;
2483;0;161;
2484;0;160;
2485;0;160;
2486;0;161;
2487;0;161;
2488;0;161;
2489;0;162;
2490;0;162;
2491;0;162;
2492;0;162;
2493;0;163;
2494;0;163;
2495;0;164;
2496;0;164;
2497;0;164;
2498;0;165;
2499;0;165;
2500;0;165;
2501;0;166;
2502;0;165;
2503;0;165;
2504;0;167;
2505;0;166;
2506;0;167;
2507;0;167;
2508;0;168;
2509;0;169;
2510;0;168;
2511;0;169;
2512;0;168;
2513;0;170;
2514;0;170;
2515;0;170;
2516;0;170;
2517;0;170;
2518;0;171;
2519;0;172;
2520;0;172;
2521;0;173;
2522;0;173;
2523;0;174;
2524;0;174;
2525;0;174;
2526;0;175;
2527;0;175;
2528;0;175;
2529;0;176;
2530;0;176;
2531;0;176;
2532;0;177;
2533;0;178;
2534;0;177;
2535;0;178;
2536;0;178;
2537;0;179;
2538;0;179;
2539;0;180;
2540;0;180;
2541;0;181;
2542;0;181;
2543;0;182;
2544;0;182;
2545;0;182;
2546;0;183;
2547;0;184;
2548;0;183;
2549;0;184;
2550;0;184;
2551;0;185;
2552;0;185;
2553;0;185;
2554;0;187;
2555;0;186;
2556;0;187;
2557;0;187;
2558;0;188;
2559;0;188;
2560;0;189;
2561;0;189;
2562;0;189;
2563;0;189;
2564;0;190;
2565;0;190;
2566;0;190;
2567;0;191;
2568;0;191;
2569;0;190;
2570;0;192;
2571;0;192;
2572;0;192;
2573;0;192;
2574;0;192;
2575;0;192;
2576;0;193;
2577;0;193;
2578;0;193;
2579;0;193;
2580;0;194;
2581;0;194;
2582;0;194;
2583;0;194;
2584;0;194;
2585;0;195;
2586;0;195;
2587;0;194;
2588;0;195;
2589;0;195;
2590;0;195;
2591;0;194;
2592;0;195;
2593;0;195;
2594;0;195;
2595;0;194;
2596;0;195;
2597;0;195;
2598;0;195;
2599;0;195;
2600;0;196;
2601;0;195;
2602;0;194;
2603;0;195;
2604;0;195;
2605;0;195;
2606;0;195;
2607;0;194;
2608;0;194;
2609;0;195;
2610;0;194;
2611;0;194;
2612;0;194;
2613;0;194;
2614;0;193;
2615;0;193;
2616;0;194;
2617;0;193;
2618;0;193;
2619;0;193;
2620;0;193;
2621;0;192;
2622;0;192;
2623;0;193;
2624;0;192;
2625;0;192;
2626;0;192;
2627;0;192;
2628;0;191;
2629;0;192;
2630;0;191;
2631;0;190;
2632;0;190;
2633;0;190;
2634;0;190;
2635;0;190;
2636;0;189;
2637;0;189;
2638;0;189;
2639;0;189;
2640;0;188;
2641;0;188;
2642;0;187;
2643;0;188;
2644;0;187;
2645;0;187;
2646;0;187;
2647;0;187;
2648;0;185;
2649;0;185;
2650;0;186;
2651;0;185;
2652;0;185;
2653;0;185;
2654;0;185;
2655;0;184;
2656;0;184;
2657;0;184;
2658;0;183;
2659;0;183;
2660;0;183;
2661;0;182;
2662;0;182;
2663;0;182;
2664;0;181;
2665;0;180;
2666;0;182;
2667;0;180;
2668;0;180;
2669;0;180;
2670;0;179;
2671;0;179;
2672;0;180;
2673;0;179;
2674;0;178;
2675;0;179;
2676;0;178;
2677;0;177;
2678;0;177;
2679;0;177;
2680;0;176;
2681;0;176;
2682;0;176;
2683;0;175;
2684;0;175;
2685;0;174;
2686;0;175;
2687;0;175;
2688;0;174;
2689;0;173;
2690;0;173;
2691;0;173;
2692;0;172;
2693;0;172;
2694;0;172;
2695;0;172;
2696;0;172;
2697;0;171;
2698;0;170;
2699;0;171;
2700;0;170;
2701;0;170;
2702;0;169;
2703;0;169;
2704;0;169;
2705;0;168;
2706;0;168;
2707;0;167;
2708;0;167;
2709;0;167;
2710;0;167;
2711;0;167;
2712;0;166;
2713;0;166;
2714;0;166;
2715;0;165;
2716;0;165;
2717;0;165;
2718;0;164;
2719;0;165;
2720;0;164;
2721;0;163;
2722;0;163;
2723;0;163;
2724;0;162;
2725;0;162;
2726;0;162;
2727;0;162;
2728;0;161;
2729;0;161;
2730;0;161;
2731;0;161;
2732;0;160;
2733;0;161;
2734;0;160;
2735;0;159;
2736;0;159;
2737;0;159;
2738;0;158;
2739;0;158;
2740;0;158;
2741;0;158;
2742;0;158;
2743;0;158;
2744;0;157;
2745;0;157;
2746;0;157;
2747;0;156;
2748;0;156;
2749;0;156;
2750;0;156;
2751;0;156;
2752;0;155;
2753;0;155;
2754;0;155;
2755;0;154;
2756;0;154;
2757;0;155;
2758;0;154;
2759;0;154;
2760;0;154;
2761;0;153;
2762;0;153;
2763;0;152;
2764;0;153;
2765;0;152;
2766;0;152;
2767;0;151;
2768;0;151;
2769;0;151;
2770;0;152;
2771;0;151;
2772;0;150;
2773;0;151;
2774;0;150;
2775;0;150;
2776;0;149;
2777;0;149;
2778;0;149;
2779;0;149;
2780;0;149;
2781;0;148;
2782;0;148;
2783;0;148;
2784;0;148;
2785;0;148;
2786;0;148;
2787;0;148;
2788;0;147;
2789;0;147;
2790;0;147;
2791;0;146;
2792;0;147;
2793;0;147;
2794;0;146;
2795;0;145;
2796;0;146;
2797;0;146;
2798;0;145;
2799;0;144;
2800;0;145;
2801;0;145;
2802;0;144;
2803;0;144;
2804;0;144;
2805;0;143;
2806;0;144;
2807;0;143;
2808;0;143;
2809;0;142;
2810;0;142;
2811;0;142;
2812;0;142;
2813;0;142;
2814;0;142;
2815;0;141;
2816;0;141;
2817;0;141;
2818;0;141;
2819;0;141;
2820;0;140;
2821;0;139;
2822;0;141;
2823;0;139;
2824;0;139;
2825;0;139;
2826;0;138;
2827;0;138;
2828;0;138;
2829;0;138;
2830;0;138;
2831;0;137;
2832;0;137;
2833;0;137;
2834;0;136;
2835;0;136;
2836;0;136;
2837;0;136;
2838;0;136;
2839;0;135;
2840;0;134;
2841;0;135;
2842;0;134;
2843;0;134;
2844;0;132;
2845;0;131;
2846;0;132;
2847;0;130;
2848;0;130;
2849;0;130;
2850;0;131;
2851;0;130;
2852;0;129;
2853;0;129;
2854;0;130;
2855;0;129;
2856;0;129;
2857;0;128;
2858;0;129;
2859;0;128;
2860;0;128;
2861;0;127;
2862;0;128;
2863;0;127;
2864;0;126;
2865;0;126;
2866;0;125;
2867;0;126;
2868;0;125;
2869;0;125;
2870;0;125;
2871;0;124;
2872;0;124;
2873;0;124;
2874;0;124;
2875;0;124;
2876;0;122;
2877;0;123;
2878;0;123;
2879;0;122;
2880;0;121;
2881;0;121;
2882;0;121;
2883;0;122;
2884;0;121;
2885;0;121;
2886;0;121;
2887;0;120;
2888;0;120;
2889;0;120;
2890;0;119;
2891;0;119;
2892;0;119;
2893;0;119;
2894;0;118;
2895;0;118;
2896;0;118;
2897;0;117;
2898;0;118;
2899;0;117;
2900;0;117;
2901;0;117;
2902;0;116;
2903;0;116;
2904;0;116;
2905;0;116;
2906;0;115;
2907;0;115;
2908;0;115;
2909;0;115;
2910;0;114;
2911;0;114;
2912;0;114;
2913;0;114;
2914;0;114;
2915;0;113;
2916;0;113;
2917;0;113;
2918;0;112;
2919;0;112;
2920;0;113;
2921;0;112;
2922;0;112;
2923;0;111;
2924;0;111;
2925;0;111;
2926;0;110;
2927;0;110;
2928;0;111;
2929;0;111;
2930;0;110;
2931;0;109;
2932;0;110;
2933;0;109;
2934;0;108;
2935;0;109;
2936;0;109;
2937;0;108;
2938;0;109;
2939;0;108;
2940;0;108;
2941;0;108;
2942;0;108;
2943;0;107;
2944;0;107;
2945;0;107;
2946;0;106;
2947;0;107;
2948;0;107;
2949;0;107;
2950;0;106;
2951;0;107;
2952;0;106;
2953;0;106;
2954;0;106;
2955;0;106;
2956;0;106;
2957;0;106;
2958;0;105;
2959;0;105;
2960;0;105;
2961;0;104;
2962;0;105;
2963;0;104;
2964;0;105;
2965;0;105;
2966;0;104;
2967;0;104;
2968;0;104;
2969;0;104;
2970;0;103;
2971;0;104;
2972;0;103;
2973;0;103;
2974;0;103;
2975;0;103;
2976;0;103;
2977;0;103;
2978;0;103;
2979;0;102;
2980;0;102;
2981;0;102;
2982;0;102;
2983;0;102;
2984;0;102;
2985;0;102;
2986;0;101;
2987;0;102;
2988;0;101;
2989;0;103;
2990;0;102;
2991;0;101;
2992;0;102;
2993;0;101;
2994;0;101;
2995;0;101;
2996;0;101;
2997;0;101;
2998;0;101;
2999;0;101;
3000;0;102;
3001;0;101;
3002;0;101;
3003;0;101;
3004;0;101;
3005;0;101;
3006;0;102;
3007;0;101;
3008;0;101;
3009;0;101;
3010;0;101;
3011;0;100;
3012;0;100;
3013;0;101;
3014;0;101;
3015;0;101;
3016;0;101;
3017;0;101;
3018;0;101;
3019;0;101;
3020;0;101;
3021;0;101;
3022;0;101;
3023;0;101;
3024;0;101;
3025;0;100;
3026;0;100;
3027;0;101;
3028;0;101;
3029;0;100;
3030;0;101;
3031;0;101;
3032;0;100;
3033;0;100;
3034;0;100;
3035;0;100;
3036;0;100;
3037;0;101;
3038;0;101;
3039;0;100;
3040;0;101;
3041;0;101;
3042;0;100;
3043;0;100;
3044;0;101;
3045;0;101;
3046;0;101;
3047;0;101;
3048;0;102;
3049;0;101;
3050;0;101;
3051;0;101;
3052;0;101;
3053;0;102;
3054;0;102;
3055;0;101;
3056;0;102;
3057;0;102;
3058;0;102;
3059;0;102;
3060;0;103;
3061;0;101;
3062;0;102;
3063;0;103;
3064;0;102;
3065;0;103;
3066;0;102;
3067;0;104;
3068;0;104;
3069;0;103;
3070;0;103;
3071;0;104;
3072;0;103;
3073;0;103;
3074;0;103;
3075;0;105;
3076;0;104;
3077;0;104;
3078;0;104;
3079;0;104;
3080;0;104;
3081;0;105;
3082;0;106;
3083;0;104;
3084;0;105;
3085;0;106;
3086;0;105;
3087;0;106;
3088;0;105;
3089;0;105;
3090;0;106;
3091;0;106;
3092;0;106;
3093;0;107;
3094;0;106;
3095;0;107;
3096;0;107;
3097;0;107;
3098;0;107;
3099;0;108;
3100;0;107;
3101;0;107;
3102;0;107;
3103;0;108;
3104;0;108;
3105;0;108;
3106;0;109;
3107;0;109;
3108;0;109;
3109;0;109;
3110;0;109;
3111;0;109;
3112;0;110;
3113;0;110;
3114;0;110;
3115;0;111;
3116;0;110;
3117;0;111;
3118;0;111;
3119;0;111;
3120;0;112;
3121;0;111;
3122;0;112;
3123;0;111;
3124;0;112;
3125;0;113;
3126;0;113;
3127;0;113;
3128;0;113;
3129;0;114;
3130;0;113;
3131;0;114;
3132;0;114;
3133;0;114;
3134;0;114;
3135;0;114;
3136;0;115;
3137;0;114;
3138;0;115;
3139;0;115;
3140;0;114;
3141;0;115;
3142;0;116;
3143;0;116;
3144;0;116;
3145;0;116;
3146;0;116;
3147;0;116;
3148;0;116;
3149;0;116;
3150;0;117;
3151;0;116;
3152;0;117;
3153;0;117;
3154;0;117;
3155;0;117;
3156;0;117;
3157;0;118;
3158;0;117;
3159;0;118;
3160;0;118;
3161;0;118;
3162;0;118;
3163;0;118;
3164;0;119;
3165;0;118;
3166;0;118;
3167;0;118;
3168;0;119;
3169;0;118;
3170;0;118;
3171;0;119;
3172;0;119;
3173;0;119;
3174;0;120;
3175;0;119;
3176;0;119;
3177;0;119;
3178;0;119;
3179;0;119;
3180;0;118;
3181;0;120;
3182;0;118;
3183;0;119;
3184;0;119;
3185;0;119;
3186;0;119;
3187;0;119;
3188;0;119;
3189;0;119;
3190;0;118;
3191;0;118;
3192;0;118;
3193;0;118;
3194;0;118;
3195;0;118;
3196;0;118;
3197;0;118;
3198;0;117;
3199;0;118;
3200;0;117;
3201;0;117;
3202;0;117;
3203;0;117;
3204;0;117;
3205;0;117;
3206;0;116;
3207;0;116;
3208;0;115;
3209;0;116;
3210;0;116;
3211;0;115;
3212;0;115;
3213;0;115;
3214;0;115;
3215;0;115;
3216;0;114;
3217;0;113;
3218;0;114;
3219;0;114;
3220;0;113;
3221;0;113;
3222;0;112;
3223;0;112;
3224;0;112;
3225;0;112;
3226;0;112;
3227;0;111;
3228;0;111;
3229;0;111;
3230;0;110;
3231;0;110;
3232;0;110;
3233;0;109;
3234;0;109;
3235;0;109;
3236;0;108;
3237;0;108;
3238;0;108;
3239;0;108;
3240;0;107;
3241;0;107;
3242;0;107;
3243;0;106;
3244;0;105;
3245;0;106;
3246;0;105;
3247;0;104;
3248;0;104;
3249;0;105;
3250;0;104;
3251;0;103;
3252;0;103;
3253;0;103;
3254;0;102;
3255;0;102;
3256;0;102;
3257;0;101;
3258;0;101;
3259;0;100;
3260;0;101;
3261;0;99;
3262;0;99;
3263;0;100;
3264;0;98;
3265;0;98;
3266;0;98;
3267;0;98;
3268;0;98;
3269;0;97;
3270;0;96;
3271;0;96;
3272;0;96;
3273;0;96;
3274;0;95;
3275;0;95;
3276;0;94;
3277;0;94;
3278;0;93;
3279;0;93;
3280;0;93;
3281;0;93;
3282;0;92;
3283;0;92;
3284;0;92;
3285;0;91;
3286;0;91;
3287;0;91;
3288;0;90;
3289;0;90;
3290;0;90;
3291;0;90;
3292;0;89;
3293;0;89;
3294;0;88;
3295;0;88;
3296;0;87;
3297;0;88;
3298;0;87;
3299;0;86;
3300;0;87;
3301;0;86;
3302;0;86;
3303;0;85;
3304;0;86;
3305;0;84;
3306;0;85;
3307;0;84;
3308;0;84;
3309;0;84;
3310;0;84;
3311;0;83;
3312;0;83;
3313;0;83;
3314;0;83;
3315;0;83;
3316;0;82;
3317;0;82;
3318;0;81;
3319;0;81;
3320;0;80;
3321;0;80;
3322;0;80;
3323;0;80;
3324;0;79;
3325;0;79;
3326;0;79;
3327;0;78;
3328;0;78;
3329;0;78;
3330;0;77;
3331;0;77;
3332;0;77;
3333;0;77;
3334;0;77;
3335;0;76;
3336;0;75;
3337;0;75;
3338;0;76;
3339;0;75;
3340;0;75;
3341;0;74;
3342;0;74;
3343;0;75;
3344;0;74;
3345;0;74;
3346;0;73;
3347;0;73;
3348;0;72;
3349;0;73;
3350;0;72;
3351;0;71;
3352;0;72;
3353;0;72;
3354;0;72;
3355;0;71;
3356;0;71;
3357;0;71;
3358;0;71;
3359;0;70;
3360;0;70;
3361;0;70;
3362;0;70;
3363;0;70;
3364;0;70;
3365;0;69;
3366;0;69;
3367;0;69;
3368;0;69;
3369;0;68;
3370;0;68;
3371;0;68;
3372;0;67;
3373;0;68;
3374;0;68;
3375;0;67;
3376;0;67;
3377;0;67;
3378;0;67;
3379;0;66;
3380;0;67;
3381;0;67;
3382;0;66;
3383;0;66;
3384;0;67;
3385;0;66;
3386;0;66;
3387;0;66;
3388;0;66;
3389;0;66;
3390;0;66;
3391;0;65;
3392;0;65;
3393;0;65;
3394;0;66;
3395;0;64;
3396;0;64;
3397;0;64;
3398;0;64;
3399;0;64;
3400;0;64;
3401;0;64;
3402;0;64;
3403;0;64;
3404;0;64;
3405;0;64;
3406;0;64;
3407;0;64;
3408;0;64;
3409;0;63;
3410;0;64;
3411;0;63;
3412;0;63;
3413;0;63;
3414;0;63;
3415;0;63;
3416;0;62;
3417;0;63;
3418;0;62;
3419;0;62;
3420;0;63;
3421;0;62;
3422;0;62;
3423;0;62;
3424;0;62;
3425;0;63;
3426;0;62;
3427;0;63;
3428;0;63;
3429;0;62;
3430;0;62;
3431;0;62;
3432;0;61;
3433;0;63;
3434;0;63;
3435;0;62;
3436;0;61;
3437;0;62;
3438;0;62;
3439;0;62;
3440;0;62;
3441;0;62;
3442;0;61;
3443;0;62;
3444;0;62;
3445;0;63;
3446;0;62;
3447;0;62;
3448;0;61;
3449;0;62;
3450;0;62;
3451;0;62;
3452;0;62;
3453;0;62;
3454;0;62;
3455;0;62;
3456;0;62;
3457;0;62;
3458;0;63;
3459;0;61;
3460;0;62;
3461;0;62;
3462;0;62;
3463;0;62;
3464;0;63;
3465;0;62;
3466;0;63;
3467;0;62;
3468;0;62;
3469;0;63;
3470;0;62;
3471;0;64;
3472;0;62;
3473;0;63;
3474;0;62;
3475;0;62;
3476;0;63;
3477;0;63;
3478;0;63;
3479;0;63;
3480;0;64;
3481;0;64;
3482;0;63;
3483;0;63;
3484;0;64;
3485;0;64;
3486;0;64;
3487;0;63;
3488;0;64;
3489;0;64;
3490;0;63;
3491;0;64;
3492;0;64;
3493;0;63;
3494;0;64;
3495;0;65;
3496;0;64;
3497;0;65;
3498;0;65;
3499;0;65;
3500;0;65;
3501;0;65;
3502;0;65;
3503;0;65;
3504;0;65;
3505;0;65;
3506;0;66;
3507;0;66;
3508;0;66;
3509;0;66;
3510;0;66;
3511;0;66;
3512;0;66;
3513;0;67;
3514;0;67;
3515;0;66;
3516;0;67;
3517;0;68;
3518;0;67;
3519;0;67;
3520;0;67;
3521;0;67;
3522;0;68;
3523;0;68;
3524;0;67;
3525;0;68;
3526;0;68;
3527;0;69;
3528;0;68;
3529;0;68;
3530;0;69;
3531;0;68;
3532;0;70;
3533;0;70;
3534;0;69;
3535;0;70;
3536;0;70;
3537;0;70;
3538;0;70;
3539;0;71;
3540;0;70;
3541;0;71;
3542;0;71;
3543;0;72;
3544;0;72;
3545;0;71;
3546;0;72;
3547;0;73;
3548;0;73;
3549;0;72;
3550;0;73;
3551;0;73;
3552;0;72;
3553;0;73;
3554;0;73;
3555;0;73;
3556;0;73;
3557;0;75;
3558;0;74;
3559;0;74;
3560;0;74;
3561;0;75;
3562;0;75;
3563;0;75;
3564;0;75;
3565;0;75;
3566;0;76;
3567;0;76;
3568;0;76;
3569;0;76;
3570;0;76;
3571;0;77;
3572;0;77;
3573;0;78;
3574;0;77;
3575;0;78;
3576;0;78;
3577;0;78;
3578;0;78;
3579;0;79;
3580;0;79;
3581;0;80;
3582;0;80;
3583;0;80;
3584;0;80;
3585;0;81;
3586;0;80;
3587;0;81;
3588;0;81;
3589;0;81;
3590;0;82;
3591;0;82;
3592;0;82;
3593;0;80;
3594;0;79;
3595;0;78;
3596;0;79;
3597;0;79;
3598;0;79;
3599;0;79;
3600;0;84;
3601;0;85;
3602;0;85;
3603;0;85;
3604;0;85;
3605;0;85;
3606;0;85;
3607;0;86;
3608;0;86;
3609;0;87;
3610;0;86;
3611;0;87;
3612;0;87;
3613;0;87;
3614;0;88;
3615;0;88;
3616;0;88;
3617;0;88;
3618;0;88;
3619;0;88;
3620;0;89;
3621;0;88;
3622;0;89;
3623;0;90;
3624;0;90;
3625;0;89;
3626;0;90;
3627;0;90;
3628;0;89;
3629;0;90;
3630;0;90;
3631;0;91;
3632;0;91;
3633;0;91;
3634;0;91;
3635;0;91;
3636;0;91;
3637;0;91;
3638;0;91;
3639;0;95;
3640;0;96;
3641;0;96;
3642;0;96;
3643;0;96;
3644;0;96;
3645;0;96;
3646;0;96;
3647;0;96;
3648;0;96;
3649;0;97;
3650;0;97;
3651;0;96;
3652;0;97;
3653;0;96;
3654;0;97;
3655;0;97;
3656;0;97;
3657;0;97;
3658;0;96;
3659;0;96;
3660;0;97;
3661;0;97;
3662;0;96;
3663;0;96;
3664;0;98;
3665;0;97;
3666;0;97;
3667;0;96;
3668;0;96;
3669;0;97;
3670;0;96;
3671;0;96;
3672;0;96;
3673;0;95;
3674;0;95;
3675;0;96;
3676;0;96;
3677;0;95;
3678;0;95;
3679;0;95;
3680;0;95;
3681;0;94;
3682;0;95;
3683;0;95;
3684;0;95;
3685;0;94;
3686;0;94;
3687;0;94;
3688;0;93;
3689;0;93;
3690;0;93;
3691;0;93;
3692;0;93;
3693;0;92;
3694;0;92;
3695;0;92;
3696;0;92;
3697;0;92;
3698;0;92;
3699;0;91;
3700;0;91;
3701;0;91;
3702;0;91;
3703;0;90;
3704;0;90;
3705;0;90;
3706;0;90;
3707;0;89;
3708;0;89;
3709;0;89;
3710;0;89;
3711;0;88;
3712;0;88;
3713;0;87;
3714;0;87;
3715;0;88;
3716;0;87;
3717;0;86;
3718;0;87;
3719;0;85;
3720;0;86;
3721;0;86;
3722;0;85;
3723;0;85;
3724;0;85;
3725;0;84;
3726;0;84;
3727;0;84;
3728;0;84;
3729;0;84;
3730;0;83;
3731;0;83;
3732;0;83;
3733;0;82;
3734;0;82;
3735;0;81;
3736;0;81;
3737;0;81;
3738;0;81;
3739;0;81;
3740;0;80;
3741;0;80;
3742;0;80;
3743;0;80;
3744;0;79;
3745;0;79;
3746;0;79;
3747;0;79;
3748;0;78;
3749;0;78;
3750;0;78;
3751;0;77;
3752;0;78;
3753;0;77;
3754;0;77;
3755;0;76;
3756;0;76;
3757;0;76;
3758;0;75;
3759;0;76;
3760;0;75;
3761;0;75;
3762;0;74;
3763;0;74;
3764;0;74;
3765;0;74;
3766;0;74;
3767;0;73;
3768;0;73;
3769;0;72;
3770;0;72;
3771;0;72;
3772;0;72;
3773;0;72;
3774;0;71;
3775;0;72;
3776;0;71;
3777;0;71;
3778;0;70;
3779;0;70;
3780;0;69;
3781;0;70;
3782;0;70;
3783;0;70;
3784;0;70;
3785;0;70;
3786;0;69;
3787;0;69;
3788;0;69;
3789;0;68;
3790;0;68;
3791;0;68;
3792;0;68;
3793;0;67;
3794;0;68;
3795;0;67;
3796;0;68;
3797;0;67;
3798;0;66;
3799;0;66;
3800;0;66;
3801;0;65;
3802;0;65;
3803;0;66;
3804;0;66;
3805;0;65;
3806;0;65;
3807;0;65;
3808;0;64;
3809;0;65;
3810;0;65;
3811;0;64;
3812;0;64;
3813;0;64;
3814;0;65;
3815;0;64;
3816;0;64;
3817;0;64;
3818;0;63;
3819;0;63;
3820;0;62;
3821;0;63;
3822;0;63;
3823;0;63;
3824;0;62;
3825;0;62;
3826;0;62;
3827;0;62;
3828;0;62;
3829;0;62;
3830;0;62;
3831;0;62;
3832;0;61;
3833;0;61;
3834;0;61;
3835;0;61;
3836;0;61;
3837;0;60;
3838;0;60;
3839;0;60;
3840;0;60;
3841;0;60;
3842;0;60;
3843;0;60;
3844;0;60;
3845;0;60;
3846;0;60;
3847;0;60;
3848;0;60;
3849;0;60;
3850;0;59;
3851;0;59;
3852;0;60;
3853;0;59;
3854;0;59;
3855;0;58;
3856;0;59;
3857;0;59;
3858;0;59;
3859;0;59;
3860;0;59;
3861;0;59;
3862;0;59;
3863;0;59;
3864;0;58;
3865;0;59;
3866;0;57;
3867;0;58;
3868;0;58;
3869;0;58;
3870;0;58;
3871;0;58;
3872;0;58;
3873;0;58;
3874;0;58;
3875;0;58;
3876;0;58;
3877;0;58;
3878;0;57;
3879;0;58;
3880;0;58;
3881;0;57;
3882;0;58;
3883;0;58;
3884;0;58;
3885;0;58;
3886;0;58;
3887;0;58;
3888;0;58;
3889;0;58;
3890;0;58;
3891;0;58;
3892;0;58;
3893;0;58;
3894;0;58;
3895;0;58;
3896;0;57;
3897;0;57;
3898;0;58;
3899;0;58;
3900;0;58;
3901;0;57;
3902;0;58;
3903;0;57;
3904;0;58;
3905;0;58;
3906;0;58;
3907;0;58;
3908;0;58;
3909;0;58;
3910;0;58;
3911;0;58;
3912;0;59;
3913;0;58;
3914;0;58;
3915;0;59;
3916;0;58;
3917;0;59;
3918;0;59;
3919;0;59;
3920;0;59;
3921;0;59;
3922;0;59;
3923;0;59;
3924;0;60;
3925;0;59;
3926;0;59;
3927;0;59;
3928;0;59;
3929;0;60;
3930;0;59;
3931;0;60;
3932;0;59;
3933;0;60;
3934;0;59;
3935;0;60;
3936;0;60;
3937;0;60;
3938;0;60;
3939;0;60;
3940;0;60;
3941;0;61;
3942;0;61;
3943;0;61;
3944;0;61;
3945;0;61;
3946;0;61;
3947;0;62;
3948;0;62;
3949;0;62;
3950;0;62;
3951;0;62;
3952;0;62;
3953;0;63;
3954;0;62;
3955;0;62;
3956;0;62;
3957;0;63;
3958;0;62;
3959;0;64;
3960;0;63;
3961;0;63;
3962;0;64;
3963;0;64;
3964;0;64;
3965;0;64;
3966;0;64;
3967;0;64;
3968;0;64;
3969;0;65;
3970;0;65;
3971;0;65;
3972;0;64;
3973;0;65;
3974;0;65;
3975;0;66;
3976;0;66;
3977;0;66;
3978;0;66;
3979;0;66;
3980;0;67;
3981;0;66;
3982;0;67;
3983;0;68;
3984;0;67;
3985;0;67;
3986;0;68;
3987;0;68;
3988;0;69;
3989;0;68;
3990;0;68;
3991;0;69;
3992;0;69;
3993;0;69;
3994;0;69;
3995;0;69;
3996;0;69;
3997;0;70;
3998;0;70;
3999;0;70;
4000;0;70;
4001;0;71;
4002;0;71;
4003;0;71;
4004;0;71;
4005;0;71;
4006;0;72;
4007;0;73;
4008;0;72;
4009;0;72;
4010;0;73;
4011;0;73;
4012;0;73;
4013;0;73;
4014;0;73;
4015;0;74;
4016;0;74;
4017;0;74;
4018;0;75;
4019;0;74;
4020;0;75;
4021;0;75;
4022;0;76;
4023;0;75;
4024;0;75;
4025;0;76;
4026;0;76;
4027;0;77;
4028;0;77;
4029;0;77;
4030;0;77;
4031;0;77;
4032;0;77;
4033;0;78;
4034;0;78;
4035;0;78;
4036;0;78;
4037;0;79;
4038;0;80;
4039;0;79;
4040;0;79;
4041;0;80;
4042;0;80;
4043;0;80;
4044;0;81;
4045;0;81;
4046;0;81;
4047;0;82;
4048;0;81;
4049;0;81;
4050;0;82;
4051;0;82;
4052;0;82;
4053;0;83;
4054;0;83;
4055;0;83;
4056;0;83;
4057;0;84;
4058;0;84;
4059;0;84;
4060;0;84;
4061;0;85;
4062;0;85;
4063;0;85;
4064;0;86;
4065;0;85;
4066;0;86;
4067;0;86;
4068;0;86;
4069;0;86;
4070;0;87;
4071;0;87;
4072;0;87;
4073;0;87;
4074;0;87;
4075;0;88;
4076;0;88;
4077;0;88;
4078;0;88;
4079;0;89;
4080;0;89;
4081;0;89;
4082;0;89;
4083;0;90;
4084;0;90;
4085;0;89;
4086;0;90;
4087;0;90;
4088;0;90;
4089;0;90;
4090;0;90;
4091;0;91;
4092;0;90;
4093;0;91;
4094;0;92;
4095;0;91;
4096;0;91;
4097;0;91;
4098;0;91;
4099;0;92;
4100;0;91;
4101;0;92;
4102;0;92;
4103;0;92;
4104;0;91;
4105;0;92;
4106;0;92;
4107;0;93;
4108;0;92;
4109;0;92;
4110;0;92;
4111;0;92;
4112;0;92;
4113;0;92;
4114;0;93;
4115;0;93;
4116;0;93;
4117;0;93;
4118;0;93;
4119;0;93;
4120;0;92;
4121;0;92;
4122;0;93;
4123;0;93;
4124;0;92;
4125;0;93;
4126;0;93;
4127;0;93;
4128;0;93;
4129;0;93;
4130;0;93;
4131;0;93;
4132;0;93;
4133;0;92;
4134;0;93;
4135;0;93;
4136;0;93;
4137;0;92;
4138;0;92;
4139;0;92;
4140;0;92;
4141;0;93;
4142;0;92;
4143;0;93;
4144;0;93;
4145;0;92;
4146;0;93;
4147;0;92;
4148;0;92;
4149;0;93;
4150;0;92;
4151;0;92;
4152;0;91;
4153;0;92;
4154;0;92;
4155;0;97;
4156;0;90;
4157;0;96;
4158;0;96;
4159;0;95;
4160;0;96;
4161;0;96;
4162;0;96;
4163;0;91;
4164;0;91;
4165;0;90;
4166;0;90;
4167;0;91;
4168;0;90;
4169;0;90;
4170;0;89;
4171;0;90;
4172;0;90;
4173;0;89;
4174;0;90;
4175;0;89;
4176;0;89;
4177;0;89;
4178;0;89;
4179;0;88;
4180;0;88;
4181;0;88;
4182;0;87;
4183;0;88;
4184;0;88;
4185;0;87;
4186;0;86;
4187;0;88;
4188;0;87;
4189;0;86;
4190;0;86;
4191;0;87;
4192;0;86;
4193;0;85;
4194;0;86;
4195;0;85;
4196;0;86;
4197;0;85;
4198;0;85;
4199;0;85;
4200;0;85;
4201;0;85;
4202;0;85;
4203;0;85;
4204;0;85;
4205;0;84;
4206;0;84;
4207;0;83;
4208;0;85;
4209;0;84;
4210;0;84;
4211;0;84;
4212;0;83;
4213;0;83;
4214;0;83;
4215;0;82;
4216;0;83;
4217;0;83;
4218;0;81;
4219;0;82;
4220;0;81;
4221;0;82;
4222;0;82;
4223;0;82;
4224;0;81;
4225;0;81;
4226;0;81;
4227;0;80;
4228;0;81;
4229;0;80;
4230;0;80;
4231;0;80;
4232;0;80;
4233;0;79;
4234;0;80;
4235;0;80;
4236;0;80;
4237;0;80;
4238;0;80;
4239;0;79;
4240;0;79;
4241;0;78;
4242;0;79;
4243;0;78;
4244;0;78;
4245;0;78;
4246;0;78;
4247;0;78;
4248;0;78;
4249;0;78;
4250;0;77;
4251;0;77;
4252;0;77;
4253;0;77;
4254;0;76;
4255;0;76;
4256;0;77;
4257;0;76;
4258;0;76;
4259;0;76;
4260;0;76;
4261;0;75;
4262;0;76;
4263;0;75;
4264;0;75;
4265;0;75;
4266;0;75;
4267;0;75;
4268;0;75;
4269;0;75;
4270;0;75;
4271;0;74;
4272;0;74;
4273;0;74;
4274;0;74;
4275;0;74;
4276;0;73;
4277;0;74;
4278;0;73;
4279;0;73;
4280;0;72;
4281;0;72;
4282;0;73;
4283;0;73;
4284;0;73;
4285;0;73;
4286;0;72;
4287;0;72;
4288;0;72;
4289;0;71;
4290;0;71;
4291;0;71;
4292;0;70;
4293;0;70;
4294;0;70;